10 0.500000 0.036574 1.000000 0.073148
2 0.020573 0.036574 0.022396 0.039815
1 0.078125 0.034722 0.073958 0.023148
1 0.956510 0.035648 0.028646 0.019444
1 0.895573 0.037500 0.052604 0.023148
1 0.817448 0.037963 0.042188 0.024074
1 0.745052 0.037963 0.043229 0.024074
10 0.091146 0.158333 0.154167 0.116667
1 0.041927 0.126389 0.036979 0.019444
1 0.051302 0.165278 0.055729 0.025000
10 0.254688 0.158333 0.154167 0.116667
1 0.213021 0.126852 0.052083 0.020370
1 0.191667 0.165278 0.009375 0.025000
10 0.418229 0.158333 0.154167 0.116667
1 0.374740 0.126389 0.048438 0.019444
1 0.364583 0.165278 0.028125 0.025000
10 0.581771 0.158333 0.154167 0.116667
1 0.537500 0.126852 0.046875 0.020370
1 0.548177 0.168981 0.068229 0.032407
10 0.745313 0.158333 0.154167 0.116667
1 0.708073 0.126389 0.060937 0.019444
1 0.698698 0.167130 0.042188 0.028704
10 0.908854 0.158333 0.154167 0.116667
1 0.864583 0.126389 0.046875 0.019444
1 0.850521 0.165278 0.018750 0.025000
1 0.060937 0.263426 0.093750 0.026852
1 0.026042 0.313426 0.009375 0.015741
1 0.357552 0.313426 0.024479 0.015741
1 0.689323 0.315278 0.040104 0.019444
1 0.031771 0.355093 0.020833 0.015741
1 0.375000 0.355556 0.059375 0.016667
1 0.681250 0.355093 0.023958 0.015741
1 0.031771 0.394907 0.020833 0.015741
1 0.364323 0.395370 0.038021 0.016667
1 0.680729 0.394907 0.022917 0.015741
1 0.031771 0.434722 0.020833 0.015741
1 0.358854 0.437037 0.027083 0.020370
1 0.688021 0.437037 0.037500 0.020370
1 0.031771 0.474537 0.020833 0.015741
1 0.356771 0.474537 0.022917 0.015741
1 0.674479 0.474537 0.010417 0.015741
1 0.031771 0.514352 0.020833 0.015741
1 0.356250 0.514352 0.021875 0.015741
1 0.680729 0.514352 0.022917 0.015741
1 0.031771 0.554167 0.020833 0.015741
1 0.369271 0.556481 0.047917 0.020370
1 0.680729 0.555556 0.022917 0.018519
1 0.031771 0.593981 0.020833 0.015741
1 0.369271 0.596296 0.047917 0.020370
1 0.678646 0.593981 0.018750 0.015741