10 0.500000 0.036574 1.000000 0.073148
2 0.020573 0.036574 0.022396 0.039815
1 0.078125 0.034722 0.073958 0.023148
1 0.956771 0.035185 0.029167 0.018519
1 0.902604 0.037500 0.037500 0.023148
1 0.827604 0.037963 0.047917 0.024074
1 0.766927 0.035648 0.028646 0.019444
10 0.132031 0.158333 0.235937 0.116667
1 0.046875 0.126389 0.046875 0.019444
1 0.037500 0.165278 0.028125 0.025000
10 0.377344 0.158333 0.235937 0.116667
1 0.292969 0.126389 0.048438 0.019444
1 0.278125 0.165278 0.018750 0.025000
10 0.622656 0.158333 0.235937 0.116667
1 0.532552 0.126389 0.036979 0.019444
1 0.535417 0.165278 0.042708 0.025000
10 0.867969 0.158333 0.235937 0.116667
1 0.792448 0.125000 0.066146 0.016667
1 0.779948 0.165278 0.041146 0.025000
1 0.060937 0.263426 0.093750 0.026852
1 0.026042 0.313426 0.009375 0.015741
1 0.277083 0.313426 0.026042 0.015741
1 0.520052 0.313426 0.026562 0.015741
1 0.761979 0.313889 0.025000 0.016667
1 0.031771 0.355093 0.020833 0.015741
1 0.277865 0.355093 0.027604 0.015741
1 0.530729 0.357407 0.047917 0.020370
1 0.764844 0.355093 0.030729 0.015741
1 0.031771 0.394907 0.020833 0.015741
1 0.276042 0.394907 0.023958 0.015741
1 0.525260 0.397222 0.036979 0.020370
1 0.761458 0.394907 0.023958 0.015741
1 0.031771 0.434722 0.020833 0.015741
1 0.282292 0.437037 0.036458 0.020370
1 0.525260 0.437037 0.036979 0.020370
1 0.770312 0.435185 0.041667 0.016667
1 0.031771 0.474537 0.020833 0.015741
1 0.273438 0.474537 0.018750 0.015741
1 0.523698 0.475000 0.033854 0.016667
1 0.754687 0.474537 0.010417 0.015741
1 0.031771 0.514352 0.020833 0.015741
1 0.283073 0.514815 0.038021 0.016667
1 0.523698 0.514815 0.033854 0.016667
1 0.764062 0.514815 0.029167 0.016667
1 0.031771 0.554167 0.020833 0.015741
1 0.275521 0.555556 0.022917 0.018519
1 0.519792 0.554630 0.026042 0.016667
1 0.760938 0.555556 0.022917 0.018519
1 0.031771 0.593981 0.020833 0.015741
1 0.282292 0.596296 0.036458 0.020370
1 0.520052 0.594444 0.026562 0.016667
1 0.764323 0.594444 0.029687 0.016667