10 0.500000 0.036574 1.000000 0.073148
2 0.020573 0.036574 0.022396 0.039815
1 0.078125 0.034722 0.073958 0.023148
1 0.956510 0.035648 0.028646 0.019444
1 0.893490 0.035648 0.033854 0.019444
1 0.836979 0.037500 0.037500 0.023148
1 0.774479 0.035185 0.043750 0.018519
10 0.071875 0.536574 0.143750 0.926852
1 0.043229 0.109722 0.058333 0.019444
1 0.040365 0.157870 0.052604 0.023148
1 0.035156 0.204630 0.042188 0.024074
1 0.026562 0.250926 0.025000 0.024074
1 0.031771 0.294907 0.035417 0.019444
1 0.038021 0.343519 0.047917 0.024074
1 0.037760 0.387500 0.047396 0.019444
10 0.257812 0.158333 0.200000 0.116667
1 0.191406 0.126389 0.048438 0.019444
1 0.188281 0.167130 0.042188 0.028704
10 0.467187 0.158333 0.200000 0.116667
1 0.400781 0.125000 0.048438 0.016667
1 0.397656 0.167130 0.042188 0.028704
10 0.676562 0.158333 0.200000 0.116667
1 0.616406 0.126389 0.060937 0.019444
1 0.606510 0.165278 0.041146 0.025000
10 0.885938 0.158333 0.200000 0.116667
1 0.813802 0.126389 0.036979 0.019444
1 0.820833 0.165278 0.051042 0.025000
1 0.204687 0.263426 0.093750 0.026852
1 0.177344 0.313426 0.024479 0.015741
1 0.454427 0.313426 0.026562 0.015741
1 0.734375 0.313889 0.034375 0.016667
1 0.175521 0.355093 0.020833 0.015741
1 0.470833 0.355556 0.059375 0.016667
1 0.722396 0.355093 0.010417 0.015741
1 0.175521 0.394907 0.020833 0.015741
1 0.464844 0.395370 0.047396 0.016667
1 0.736198 0.397222 0.038021 0.020370
1 0.175521 0.434722 0.020833 0.015741
1 0.453125 0.434722 0.023958 0.015741
1 0.731771 0.435185 0.029167 0.016667