10 0.500000 0.036574 1.000000 0.073148
2 0.020573 0.036574 0.022396 0.039815
1 0.078125 0.034722 0.073958 0.023148
1 0.944010 0.035648 0.047396 0.019444
1 0.880990 0.035648 0.023438 0.019444
1 0.817969 0.037963 0.043229 0.024074
1 0.747656 0.035648 0.033854 0.019444
1 0.684115 0.037500 0.052604 0.023148
10 0.091146 0.158333 0.154167 0.116667
1 0.053906 0.126389 0.060937 0.019444
1 0.044792 0.165278 0.042708 0.025000
10 0.254688 0.158333 0.154167 0.116667
1 0.220052 0.125000 0.066146 0.016667
1 0.212760 0.168519 0.051562 0.031481
10 0.418229 0.158333 0.154167 0.116667
1 0.374740 0.126389 0.048438 0.019444
1 0.355208 0.165278 0.009375 0.025000
10 0.581771 0.158333 0.154167 0.116667
1 0.537500 0.126389 0.046875 0.019444
1 0.528125 0.165278 0.028125 0.025000
10 0.745313 0.158333 0.154167 0.116667
1 0.693490 0.126852 0.031771 0.020370
1 0.694271 0.165278 0.033333 0.025000
10 0.908854 0.158333 0.154167 0.116667
1 0.865365 0.125000 0.048438 0.016667
1 0.861719 0.165278 0.041146 0.025000
1 0.060937 0.263426 0.093750 0.026852
1 0.041146 0.313889 0.039583 0.016667
1 0.357552 0.313426 0.024479 0.015741
1 0.694271 0.315741 0.050000 0.020370
1 0.031771 0.355093 0.020833 0.015741
1 0.354687 0.355093 0.018750 0.015741
1 0.687500 0.357407 0.036458 0.020370
1 0.031771 0.394907 0.020833 0.015741
1 0.359635 0.396759 0.028646 0.019444
1 0.680729 0.396296 0.022917 0.018519
1 0.031771 0.434722 0.020833 0.015741
1 0.356771 0.436111 0.022917 0.018519
1 0.684115 0.435185 0.029687 0.016667
1 0.031771 0.474537 0.020833 0.015741
1 0.347917 0.474537 0.005208 0.015741
1 0.688281 0.476852 0.038021 0.020370
1 0.031771 0.514352 0.020833 0.015741
1 0.364323 0.514815 0.038021 0.016667
1 0.698958 0.514815 0.059375 0.016667
1 0.031771 0.554167 0.020833 0.015741
1 0.356771 0.554167 0.022917 0.015741
1 0.687760 0.556481 0.036979 0.020370
1 0.031771 0.593981 0.020833 0.015741
1 0.357292 0.593981 0.023958 0.015741
1 0.690104 0.594444 0.041667 0.016667