10 0.500000 0.036574 1.000000 0.073148
2 0.020573 0.036574 0.022396 0.039815
1 0.078125 0.034722 0.073958 0.023148
1 0.956510 0.035648 0.028646 0.019444
1 0.893490 0.035648 0.033854 0.019444
1 0.825260 0.037963 0.043229 0.024074
1 0.728125 0.035648 0.067708 0.019444
10 0.067187 0.536574 0.134375 0.926852
1 0.034635 0.111574 0.041146 0.023148
1 0.028646 0.155556 0.029167 0.018519
1 0.043229 0.202315 0.058333 0.019444
1 0.032813 0.250463 0.037500 0.023148
1 0.030990 0.294907 0.033854 0.019444
10 0.284896 0.158333 0.272917 0.116667
1 0.176302 0.126389 0.036979 0.019444
1 0.191927 0.168981 0.068229 0.032407
10 0.567187 0.158333 0.272917 0.116667
1 0.455990 0.126852 0.031771 0.020370
1 0.444792 0.165278 0.009375 0.025000
10 0.849479 0.158333 0.272917 0.116667
1 0.748437 0.126852 0.052083 0.020370
1 0.747917 0.165278 0.051042 0.025000
1 0.195312 0.263426 0.093750 0.026852
1 0.175781 0.315278 0.040104 0.019444
1 0.333333 0.315278 0.020833 0.019444
1 0.494792 0.313426 0.009375 0.015741
1 0.671354 0.313889 0.028125 0.016667
1 0.844271 0.313889 0.039583 0.016667
1 0.166146 0.355093 0.020833 0.015741
1 0.335938 0.355093 0.026042 0.015741
1 0.509115 0.357407 0.038021 0.020370
1 0.662500 0.355093 0.010417 0.015741
1 0.839844 0.355093 0.030729 0.015741
1 0.166146 0.394907 0.020833 0.015741
1 0.335938 0.395370 0.026042 0.016667
1 0.507812 0.395370 0.035417 0.016667
1 0.659896 0.394907 0.005208 0.015741
1 0.854167 0.395370 0.059375 0.016667
1 0.166146 0.434722 0.020833 0.015741
1 0.341927 0.437037 0.038021 0.020370
1 0.508333 0.437037 0.036458 0.020370
1 0.671094 0.434722 0.027604 0.015741
1 0.843490 0.437037 0.038021 0.020370
1 0.166146 0.474537 0.020833 0.015741
1 0.337500 0.475000 0.029167 0.016667
1 0.503646 0.476852 0.027083 0.020370
1 0.670833 0.476852 0.027083 0.020370
1 0.835938 0.474537 0.022917 0.015741
1 0.166146 0.514352 0.020833 0.015741
1 0.340625 0.514815 0.035417 0.016667
1 0.507812 0.514815 0.035417 0.016667
1 0.671875 0.514815 0.029167 0.016667
1 0.854167 0.514815 0.059375 0.016667
1 0.166146 0.554167 0.020833 0.015741
1 0.334375 0.554167 0.022917 0.015741
1 0.499479 0.554167 0.018750 0.015741
1 0.672656 0.554167 0.030729 0.015741
1 0.839844 0.554167 0.030729 0.015741