10 0.500000 0.036574 1.000000 0.073148
2 0.020573 0.036574 0.022396 0.039815
1 0.078125 0.034722 0.073958 0.023148
1 0.941927 0.037963 0.043229 0.024074
1 0.844792 0.035648 0.067708 0.019444
1 0.764323 0.037500 0.052604 0.023148
1 0.701562 0.035185 0.029167 0.018519
1 0.635938 0.035648 0.058333 0.019444
10 0.172917 0.158333 0.317708 0.116667
1 0.056510 0.125000 0.066146 0.016667
1 0.049219 0.168519 0.051562 0.031481
10 0.500000 0.158333 0.317708 0.116667
1 0.369010 0.126389 0.036979 0.019444
1 0.371094 0.165278 0.041146 0.025000
10 0.827083 0.158333 0.317708 0.116667
1 0.701823 0.125000 0.048438 0.016667
1 0.701302 0.165278 0.047396 0.025000
1 0.060937 0.263426 0.093750 0.026852
1 0.034635 0.313426 0.026562 0.015741
1 0.278646 0.313426 0.029167 0.015741
1 0.525781 0.315278 0.038021 0.019444
1 0.761719 0.313426 0.024479 0.015741
1 0.031771 0.355093 0.020833 0.015741
1 0.275521 0.356481 0.022917 0.018519
1 0.530729 0.357407 0.047917 0.020370
1 0.752083 0.355093 0.005208 0.015741
1 0.031771 0.394907 0.020833 0.015741
1 0.284896 0.395370 0.041667 0.016667
1 0.525521 0.397222 0.037500 0.020370
1 0.767708 0.397222 0.036458 0.020370
1 0.031771 0.434722 0.020833 0.015741
1 0.282552 0.437037 0.036979 0.020370
1 0.511979 0.434722 0.010417 0.015741
1 0.768229 0.437037 0.037500 0.020370