10 0.500000 0.036574 1.000000 0.073148
2 0.020573 0.036574 0.022396 0.039815
1 0.078125 0.034722 0.073958 0.023148
1 0.965365 0.035185 0.031771 0.018519
1 0.893229 0.037963 0.047917 0.024074
1 0.824219 0.037500 0.041146 0.023148
10 0.091146 0.158333 0.154167 0.116667
1 0.041927 0.126389 0.036979 0.019444
1 0.044531 0.167130 0.042188 0.028704
10 0.254688 0.158333 0.154167 0.116667
1 0.217448 0.126389 0.060937 0.019444
1 0.207552 0.165278 0.041146 0.025000
10 0.418229 0.158333 0.154167 0.116667
1 0.383594 0.125000 0.066146 0.016667
1 0.359896 0.165278 0.018750 0.025000
10 0.581771 0.158333 0.154167 0.116667
1 0.541927 0.126852 0.055729 0.020370
1 0.537760 0.165278 0.047396 0.025000
10 0.745313 0.158333 0.154167 0.116667
1 0.701042 0.126852 0.046875 0.020370
1 0.698698 0.167130 0.042188 0.028704
10 0.908854 0.158333 0.154167 0.116667
1 0.867188 0.126852 0.052083 0.020370
1 0.845833 0.165278 0.009375 0.025000
1 0.060937 0.263426 0.093750 0.026852
1 0.031771 0.315278 0.020833 0.019444
1 0.281250 0.313889 0.034375 0.016667
1 0.520833 0.313889 0.028125 0.016667
1 0.759635 0.313426 0.020313 0.015741
1 0.031771 0.355093 0.020833 0.015741
1 0.287760 0.355556 0.047396 0.016667
1 0.525000 0.357407 0.036458 0.020370
1 0.768490 0.357407 0.038021 0.020370
1 0.031771 0.394907 0.020833 0.015741
1 0.277344 0.395370 0.026562 0.016667
1 0.525000 0.397222 0.036458 0.020370
1 0.770312 0.395370 0.041667 0.016667
1 0.031771 0.434722 0.020833 0.015741
1 0.269271 0.434722 0.010417 0.015741
1 0.514583 0.434722 0.015625 0.015741
1 0.761458 0.434722 0.023958 0.015741