10 0.500000 0.036574 1.000000 0.073148
2 0.020573 0.036574 0.022396 0.039815
1 0.078125 0.034722 0.073958 0.023148
1 0.941406 0.037963 0.042188 0.024074
1 0.875260 0.037500 0.041146 0.023148
1 0.818229 0.035185 0.029167 0.018519
10 0.107292 0.158333 0.186458 0.116667
1 0.046875 0.126389 0.046875 0.019444
1 0.044792 0.165278 0.042708 0.025000
10 0.303125 0.158333 0.186458 0.116667
1 0.243490 0.125000 0.048438 0.016667
1 0.242969 0.165278 0.047396 0.025000
10 0.498958 0.158333 0.186458 0.116667
1 0.445573 0.126389 0.060937 0.019444
1 0.440885 0.168519 0.051562 0.031481
10 0.694792 0.158333 0.186458 0.116667
1 0.634375 0.126852 0.046875 0.020370
1 0.615625 0.165278 0.009375 0.025000
10 0.890625 0.158333 0.186458 0.116667
1 0.832812 0.126852 0.052083 0.020370
1 0.816146 0.165278 0.018750 0.025000
1 0.060937 0.263426 0.093750 0.026852
1 0.035417 0.313889 0.028125 0.016667
1 0.281250 0.313889 0.034375 0.016667
1 0.519792 0.313426 0.026042 0.015741
1 0.768490 0.315278 0.038021 0.019444
1 0.031771 0.355093 0.020833 0.015741
1 0.278646 0.355556 0.029167 0.016667
1 0.519792 0.355093 0.026042 0.015741
1 0.763281 0.355093 0.027604 0.015741
1 0.031771 0.394907 0.020833 0.015741
1 0.277865 0.394907 0.027604 0.015741
1 0.509375 0.394907 0.005208 0.015741
1 0.779167 0.395370 0.059375 0.016667
1 0.031771 0.434722 0.020833 0.015741
1 0.293750 0.435185 0.059375 0.016667
1 0.521354 0.435185 0.029167 0.016667
1 0.779167 0.435185 0.059375 0.016667
1 0.031771 0.474537 0.020833 0.015741
1 0.277604 0.476852 0.027083 0.020370
1 0.516146 0.474537 0.018750 0.015741
1 0.762760 0.475000 0.026562 0.016667
1 0.031771 0.514352 0.020833 0.015741
1 0.273438 0.514352 0.018750 0.015741
1 0.525260 0.516667 0.036979 0.020370
1 0.760938 0.514352 0.022917 0.015741
1 0.031771 0.554167 0.020833 0.015741
1 0.277865 0.554167 0.027604 0.015741
1 0.520573 0.554167 0.027604 0.015741
1 0.767188 0.554630 0.035417 0.016667
1 0.031771 0.593981 0.020833 0.015741
1 0.279427 0.593981 0.030729 0.015741
1 0.519792 0.594444 0.026042 0.016667
1 0.763802 0.595833 0.028646 0.019444