10 0.500000 0.036574 1.000000 0.073148
2 0.020573 0.036574 0.022396 0.039815
1 0.078125 0.034722 0.073958 0.023148
1 0.953906 0.035648 0.023438 0.019444
1 0.866667 0.035648 0.067708 0.019444
1 0.783594 0.035648 0.047396 0.019444
10 0.082031 0.536574 0.164062 0.926852
1 0.029948 0.109259 0.031771 0.018519
1 0.047917 0.156019 0.067708 0.019444
1 0.031771 0.202315 0.035417 0.019444
1 0.035677 0.250926 0.043229 0.024074
1 0.030990 0.294907 0.033854 0.019444
10 0.254948 0.158333 0.153646 0.116667
1 0.213542 0.126852 0.052083 0.020370
1 0.204167 0.165278 0.033333 0.025000
10 0.417969 0.158333 0.153646 0.116667
1 0.380990 0.126389 0.060937 0.019444
1 0.355208 0.165278 0.009375 0.025000
10 0.580990 0.158333 0.153646 0.116667
1 0.536979 0.126852 0.046875 0.020370
1 0.541406 0.165278 0.055729 0.025000
10 0.744010 0.158333 0.153646 0.116667
1 0.695052 0.126389 0.036979 0.019444
1 0.710677 0.168981 0.068229 0.032407
10 0.907031 0.158333 0.153646 0.116667
1 0.863021 0.126389 0.046875 0.019444
1 0.860677 0.167130 0.042188 0.028704
1 0.225000 0.263426 0.093750 0.026852
1 0.198437 0.313426 0.026042 0.015741
1 0.371875 0.315741 0.050000 0.020370
1 0.522917 0.313426 0.029167 0.015741
1 0.689844 0.315278 0.040104 0.019444
1 0.841667 0.315278 0.020833 0.019444
1 0.195833 0.355093 0.020833 0.015741
1 0.354687 0.355093 0.015625 0.015741
1 0.521354 0.355093 0.026042 0.015741
1 0.693750 0.357407 0.047917 0.020370
1 0.840625 0.355093 0.018750 0.015741
1 0.195833 0.394907 0.020833 0.015741
1 0.349479 0.394907 0.005208 0.015741
1 0.522656 0.396759 0.028646 0.019444
1 0.690625 0.395370 0.041667 0.016667
1 0.850260 0.395370 0.038021 0.016667
1 0.195833 0.434722 0.020833 0.015741
1 0.358333 0.436111 0.022917 0.018519
1 0.519792 0.434722 0.022917 0.015741
1 0.688021 0.437037 0.036458 0.020370
1 0.860938 0.435185 0.059375 0.016667
1 0.195833 0.474537 0.020833 0.015741
1 0.361458 0.475000 0.029167 0.016667
1 0.513542 0.474537 0.010417 0.015741
1 0.682813 0.475000 0.026042 0.016667
1 0.846094 0.475000 0.029687 0.016667
1 0.195833 0.514352 0.020833 0.015741
1 0.359896 0.514352 0.026042 0.015741
1 0.522917 0.514815 0.029167 0.016667
1 0.681250 0.515741 0.022917 0.018519
1 0.843229 0.514352 0.023958 0.015741
1 0.195833 0.554167 0.020833 0.015741
1 0.361198 0.556019 0.028646 0.019444
1 0.527344 0.556481 0.038021 0.020370
1 0.684375 0.554630 0.029167 0.016667
1 0.843229 0.554167 0.023958 0.015741
1 0.195833 0.593981 0.020833 0.015741
1 0.359896 0.593981 0.026042 0.015741
1 0.526042 0.594444 0.035417 0.016667
1 0.677604 0.593981 0.015625 0.015741
1 0.840625 0.593981 0.018750 0.015741