10 0.500000 0.036574 1.000000 0.073148
2 0.020573 0.036574 0.022396 0.039815
1 0.078125 0.034722 0.073958 0.023148
1 0.956771 0.035185 0.029167 0.018519
1 0.908854 0.035648 0.035417 0.019444
1 0.859896 0.037963 0.025000 0.024074
1 0.807813 0.037500 0.037500 0.023148
1 0.744792 0.037500 0.042708 0.023148
10 0.091146 0.158333 0.154167 0.116667
1 0.047656 0.125000 0.048438 0.016667
1 0.028125 0.165278 0.009375 0.025000
10 0.254688 0.158333 0.154167 0.116667
1 0.217448 0.126389 0.060937 0.019444
1 0.221094 0.168981 0.068229 0.032407
10 0.418229 0.158333 0.154167 0.116667
1 0.383594 0.125000 0.066146 0.016667
1 0.359896 0.165278 0.018750 0.025000
10 0.581771 0.158333 0.154167 0.116667
1 0.538281 0.126389 0.048438 0.019444
1 0.528125 0.165278 0.028125 0.025000
10 0.745313 0.158333 0.154167 0.116667
1 0.693490 0.126852 0.031771 0.020370
1 0.694271 0.165278 0.033333 0.025000
10 0.908854 0.158333 0.154167 0.116667
1 0.867188 0.126852 0.052083 0.020370
1 0.862240 0.167130 0.042188 0.028704
1 0.060937 0.263426 0.093750 0.026852
1 0.030208 0.313889 0.017708 0.016667
1 0.277083 0.313426 0.026042 0.015741
1 0.523958 0.313889 0.034375 0.016667
1 0.769531 0.315278 0.040104 0.019444
1 0.031771 0.355093 0.020833 0.015741
1 0.278906 0.355556 0.029687 0.016667
1 0.530729 0.357407 0.047917 0.020370
1 0.760938 0.356481 0.022917 0.018519
1 0.031771 0.394907 0.020833 0.015741
1 0.284896 0.395370 0.041667 0.016667
1 0.524479 0.395370 0.035417 0.016667
1 0.767969 0.397222 0.036979 0.020370
1 0.031771 0.434722 0.020833 0.015741
1 0.277083 0.434722 0.026042 0.015741
1 0.519792 0.435185 0.026042 0.016667
1 0.767188 0.435185 0.035417 0.016667
1 0.031771 0.474537 0.020833 0.015741
1 0.271875 0.474537 0.015625 0.015741
1 0.530469 0.475000 0.047396 0.016667
1 0.768490 0.475000 0.038021 0.016667
1 0.031771 0.514352 0.020833 0.015741
1 0.269271 0.514352 0.010417 0.015741
1 0.524479 0.514815 0.035417 0.016667
1 0.773177 0.514815 0.047396 0.016667
1 0.031771 0.554167 0.020833 0.015741
1 0.287760 0.554630 0.047396 0.016667
1 0.519792 0.554167 0.026042 0.015741
1 0.760417 0.554167 0.021875 0.015741
1 0.031771 0.593981 0.020833 0.015741
1 0.278646 0.594444 0.029167 0.016667
1 0.509375 0.593981 0.005208 0.015741
1 0.763281 0.593981 0.027604 0.015741
1 0.031771 0.633796 0.020833 0.015741
1 0.275521 0.635185 0.022917 0.018519
1 0.509375 0.633796 0.005208 0.015741
1 0.764323 0.634259 0.029687 0.016667