10 0.500000 0.036574 1.000000 0.073148
2 0.020573 0.036574 0.022396 0.039815
1 0.078125 0.034722 0.073958 0.023148
1 0.944010 0.035648 0.047396 0.019444
1 0.873698 0.037500 0.052604 0.023148
1 0.807813 0.037500 0.037500 0.023148
10 0.073958 0.536574 0.147917 0.926852
1 0.031771 0.109722 0.035417 0.019444
1 0.035156 0.158333 0.042188 0.024074
1 0.034635 0.204167 0.041146 0.023148
1 0.038021 0.250926 0.047917 0.024074
10 0.226562 0.158333 0.129167 0.116667
1 0.194792 0.126389 0.046875 0.019444
1 0.188021 0.165278 0.033333 0.025000
10 0.365104 0.158333 0.129167 0.116667
1 0.342969 0.125000 0.066146 0.016667
1 0.319271 0.165278 0.018750 0.025000
10 0.503646 0.158333 0.129167 0.116667
1 0.478906 0.126389 0.060937 0.019444
1 0.482552 0.168981 0.068229 0.032407
10 0.642188 0.158333 0.129167 0.116667
1 0.610417 0.126852 0.046875 0.020370
1 0.608073 0.167130 0.042188 0.028704
10 0.780729 0.158333 0.129167 0.116667
1 0.744010 0.126389 0.036979 0.019444
1 0.734896 0.165278 0.018750 0.025000
10 0.919271 0.158333 0.129167 0.116667
1 0.888281 0.125000 0.048438 0.016667
1 0.889583 0.165278 0.051042 0.025000
1 0.208854 0.263426 0.093750 0.026852
1 0.186458 0.313889 0.034375 0.016667
1 0.346875 0.313426 0.026042 0.015741
1 0.513021 0.313426 0.029167 0.015741
1 0.679167 0.315741 0.032292 0.020370
1 0.832292 0.313426 0.009375 0.015741
1 0.179688 0.355093 0.020833 0.015741
1 0.352865 0.355556 0.038021 0.016667
1 0.503646 0.355093 0.010417 0.015741
1 0.673958 0.355093 0.021875 0.015741
1 0.851562 0.357407 0.047917 0.020370
1 0.179688 0.394907 0.020833 0.015741
1 0.347135 0.395370 0.026562 0.016667
1 0.516667 0.397222 0.036458 0.020370
1 0.692708 0.395370 0.059375 0.016667
1 0.830208 0.394907 0.005208 0.015741
1 0.179688 0.434722 0.020833 0.015741
1 0.347656 0.434722 0.027604 0.015741
1 0.516927 0.437037 0.036979 0.020370
1 0.668229 0.434722 0.010417 0.015741
1 0.840625 0.435185 0.026042 0.016667
1 0.179688 0.474537 0.020833 0.015741
1 0.352344 0.476852 0.036979 0.020370
1 0.511458 0.475000 0.026042 0.016667
1 0.677865 0.475000 0.029687 0.016667
1 0.842448 0.475000 0.029687 0.016667
1 0.179688 0.514352 0.020833 0.015741
1 0.357552 0.514815 0.047396 0.016667
1 0.509375 0.514352 0.021875 0.015741
1 0.677865 0.514815 0.029687 0.016667
1 0.845833 0.516667 0.036458 0.020370