10 0.500000 0.036574 1.000000 0.073148
2 0.020573 0.036574 0.022396 0.039815
1 0.078125 0.034722 0.073958 0.023148
1 0.956510 0.035648 0.028646 0.019444
1 0.908854 0.035648 0.035417 0.019444
1 0.851562 0.037500 0.037500 0.023148
1 0.781510 0.037963 0.043229 0.024074
10 0.078646 0.536574 0.157292 0.926852
1 0.030990 0.109722 0.033854 0.019444
1 0.035937 0.155556 0.043750 0.018519
1 0.028646 0.201852 0.029167 0.018519
1 0.025781 0.248611 0.023438 0.019444
1 0.037760 0.294907 0.047396 0.019444
1 0.035417 0.343056 0.042708 0.023148
1 0.029948 0.387037 0.031771 0.018519
1 0.031771 0.433796 0.035417 0.019444
10 0.269531 0.158333 0.196354 0.116667
1 0.211198 0.126389 0.060937 0.019444
1 0.204427 0.165278 0.047396 0.025000
10 0.475260 0.158333 0.196354 0.116667
1 0.404948 0.126389 0.036979 0.019444
1 0.407031 0.165278 0.041146 0.025000
10 0.680990 0.158333 0.196354 0.116667
1 0.608073 0.126852 0.031771 0.020370
1 0.613281 0.167130 0.042188 0.028704
10 0.886719 0.158333 0.196354 0.116667
1 0.825781 0.126852 0.055729 0.020370
1 0.811979 0.165278 0.028125 0.025000
1 0.218229 0.263426 0.093750 0.026852
1 0.195312 0.313889 0.033333 0.016667
1 0.467187 0.313889 0.034375 0.016667
1 0.734635 0.313426 0.026562 0.015741
1 0.189062 0.355093 0.020833 0.015741
1 0.463021 0.355093 0.026042 0.015741
1 0.739062 0.355556 0.035417 0.016667
1 0.189062 0.394907 0.020833 0.015741
1 0.452604 0.394907 0.005208 0.015741
1 0.751042 0.395370 0.059375 0.016667
1 0.189062 0.434722 0.020833 0.015741
1 0.470833 0.435185 0.041667 0.016667
1 0.723958 0.434722 0.005208 0.015741
1 0.189062 0.474537 0.020833 0.015741
1 0.452604 0.474537 0.005208 0.015741
1 0.739583 0.476852 0.036458 0.020370
1 0.189062 0.514352 0.020833 0.015741
1 0.463021 0.514352 0.026042 0.015741
1 0.732812 0.515741 0.022917 0.018519