10 0.500000 0.036574 1.000000 0.073148
2 0.020573 0.036574 0.022396 0.039815
1 0.078125 0.034722 0.073958 0.023148
1 0.942187 0.035648 0.058333 0.019444
1 0.863802 0.035648 0.047396 0.019444
1 0.791406 0.035648 0.033854 0.019444
1 0.727865 0.037500 0.052604 0.023148
1 0.668229 0.035648 0.035417 0.019444
10 0.132031 0.158333 0.235937 0.116667
1 0.056510 0.125000 0.066146 0.016667
1 0.048958 0.165278 0.051042 0.025000
10 0.377344 0.158333 0.235937 0.116667
1 0.292187 0.126852 0.046875 0.020370
1 0.278125 0.165278 0.018750 0.025000
10 0.622656 0.158333 0.235937 0.116667
1 0.544531 0.126389 0.060937 0.019444
1 0.537760 0.165278 0.047396 0.025000
10 0.867969 0.158333 0.235937 0.116667
1 0.775260 0.126852 0.031771 0.020370
1 0.764062 0.165278 0.009375 0.025000
1 0.060937 0.263426 0.093750 0.026852
1 0.041146 0.313889 0.039583 0.016667
1 0.355729 0.315278 0.020833 0.019444
1 0.681510 0.313426 0.024479 0.015741
1 0.031771 0.355093 0.020833 0.015741
1 0.363021 0.355556 0.035417 0.016667
1 0.688021 0.357407 0.037500 0.020370
1 0.031771 0.394907 0.020833 0.015741
1 0.358333 0.394907 0.026042 0.015741
1 0.680729 0.394907 0.022917 0.015741
1 0.031771 0.434722 0.020833 0.015741
1 0.364323 0.437037 0.038021 0.020370
1 0.677083 0.434722 0.015625 0.015741
1 0.031771 0.474537 0.020833 0.015741
1 0.366146 0.475000 0.041667 0.016667
1 0.678646 0.474537 0.018750 0.015741
1 0.031771 0.514352 0.020833 0.015741
1 0.350521 0.514352 0.010417 0.015741
1 0.682292 0.514815 0.026042 0.016667
1 0.031771 0.554167 0.020833 0.015741
1 0.363542 0.556481 0.036458 0.020370
1 0.674479 0.554167 0.010417 0.015741
1 0.031771 0.593981 0.020833 0.015741
1 0.359896 0.594444 0.029167 0.016667
1 0.684115 0.594444 0.029687 0.016667
1 0.031771 0.633796 0.020833 0.015741
1 0.356771 0.635185 0.022917 0.018519
1 0.683073 0.633796 0.027604 0.015741