10 0.500000 0.036574 1.000000 0.073148
2 0.020573 0.036574 0.022396 0.039815
1 0.078125 0.034722 0.073958 0.023148
1 0.941927 0.037963 0.043229 0.024074
1 0.876042 0.037500 0.042708 0.023148
1 0.826823 0.035185 0.031771 0.018519
1 0.764323 0.037500 0.052604 0.023148
1 0.701302 0.035648 0.028646 0.019444
10 0.107292 0.158333 0.186458 0.116667
1 0.046875 0.126389 0.046875 0.019444
1 0.051302 0.165278 0.055729 0.025000
10 0.303125 0.158333 0.186458 0.116667
1 0.242708 0.126852 0.046875 0.020370
1 0.240365 0.167130 0.042188 0.028704
10 0.498958 0.158333 0.186458 0.116667
1 0.445573 0.126389 0.060937 0.019444
1 0.440625 0.165278 0.051042 0.025000
10 0.694792 0.158333 0.186458 0.116667
1 0.638802 0.126852 0.055729 0.020370
1 0.625000 0.165278 0.028125 0.025000
10 0.890625 0.158333 0.186458 0.116667
1 0.830990 0.126389 0.048438 0.019444
1 0.811458 0.165278 0.009375 0.025000
1 0.060937 0.263426 0.093750 0.026852
1 0.030208 0.313889 0.017708 0.016667
1 0.231771 0.315741 0.032292 0.020370
1 0.429948 0.315278 0.040104 0.019444
1 0.608854 0.313426 0.009375 0.015741
1 0.823438 0.315741 0.050000 0.020370
1 0.031771 0.355093 0.020833 0.015741
1 0.245312 0.355556 0.059375 0.016667
1 0.421875 0.355093 0.023958 0.015741
1 0.622656 0.357407 0.036979 0.020370
1 0.807813 0.355093 0.018750 0.015741
1 0.031771 0.394907 0.020833 0.015741
1 0.234115 0.397222 0.036979 0.020370
1 0.412500 0.394907 0.005208 0.015741
1 0.609375 0.394907 0.010417 0.015741
1 0.801042 0.394907 0.005208 0.015741
1 0.031771 0.434722 0.020833 0.015741
1 0.229427 0.434722 0.027604 0.015741
1 0.433594 0.435185 0.047396 0.016667
1 0.617969 0.434722 0.027604 0.015741
1 0.815365 0.435185 0.033854 0.016667