10 0.500000 0.036574 1.000000 0.073148
2 0.020573 0.036574 0.022396 0.039815
1 0.078125 0.034722 0.073958 0.023148
1 0.949479 0.035185 0.043750 0.018519
1 0.890885 0.035648 0.028646 0.019444
1 0.827344 0.035648 0.047396 0.019444
1 0.757031 0.037500 0.052604 0.023148
1 0.686458 0.037500 0.042708 0.023148
10 0.172917 0.158333 0.317708 0.116667
1 0.051302 0.126852 0.055729 0.020370
1 0.044531 0.167130 0.042188 0.028704
10 0.500000 0.158333 0.317708 0.116667
1 0.383594 0.125000 0.066146 0.016667
1 0.378385 0.165278 0.055729 0.025000
10 0.827083 0.158333 0.317708 0.116667
1 0.708073 0.126389 0.060937 0.019444
1 0.682292 0.165278 0.009375 0.025000
1 0.060937 0.263426 0.093750 0.026852
1 0.033594 0.313426 0.024479 0.015741
1 0.370312 0.315741 0.050000 0.020370
1 0.689323 0.315278 0.040104 0.019444
1 0.031771 0.355093 0.020833 0.015741
1 0.364323 0.357407 0.038021 0.020370
1 0.680729 0.356481 0.022917 0.018519
1 0.031771 0.394907 0.020833 0.015741
1 0.356771 0.394907 0.022917 0.015741
1 0.684635 0.394907 0.030729 0.015741
1 0.031771 0.434722 0.020833 0.015741
1 0.362240 0.435185 0.033854 0.016667
1 0.680729 0.436111 0.022917 0.018519
1 0.031771 0.474537 0.020833 0.015741
1 0.359115 0.474537 0.027604 0.015741
1 0.683594 0.476389 0.028646 0.019444
1 0.031771 0.514352 0.020833 0.015741
1 0.363021 0.514815 0.035417 0.016667
1 0.683594 0.516204 0.028646 0.019444
1 0.031771 0.554167 0.020833 0.015741
1 0.356250 0.554167 0.021875 0.015741
1 0.688281 0.554630 0.038021 0.016667
1 0.031771 0.593981 0.020833 0.015741
1 0.369010 0.594444 0.047396 0.016667
1 0.683594 0.595833 0.028646 0.019444