10 0.500000 0.036574 1.000000 0.073148
2 0.020573 0.036574 0.022396 0.039815
1 0.078125 0.034722 0.073958 0.023148
1 0.953646 0.037500 0.037500 0.023148
1 0.878646 0.037963 0.047917 0.024074
1 0.815365 0.035648 0.023438 0.019444
10 0.107292 0.158333 0.186458 0.116667
1 0.049479 0.126852 0.052083 0.020370
1 0.048958 0.165278 0.051042 0.025000
10 0.303125 0.158333 0.186458 0.116667
1 0.249740 0.126389 0.060937 0.019444
1 0.233333 0.165278 0.028125 0.025000
10 0.498958 0.158333 0.186458 0.116667
1 0.448177 0.125000 0.066146 0.016667
1 0.435677 0.165278 0.041146 0.025000
10 0.694792 0.158333 0.186458 0.116667
1 0.634375 0.126389 0.046875 0.019444
1 0.615625 0.165278 0.009375 0.025000
10 0.890625 0.158333 0.186458 0.116667
1 0.830208 0.126852 0.046875 0.020370
1 0.816146 0.165278 0.018750 0.025000
1 0.060937 0.263426 0.093750 0.026852
1 0.033594 0.313426 0.024479 0.015741
1 0.276562 0.313889 0.025000 0.016667
1 0.520052 0.313426 0.026562 0.015741
1 0.766146 0.313889 0.033333 0.016667
1 0.031771 0.355093 0.020833 0.015741
1 0.278906 0.355556 0.029687 0.016667
1 0.523698 0.355556 0.033854 0.016667
1 0.754687 0.355093 0.010417 0.015741
1 0.031771 0.394907 0.020833 0.015741
1 0.287760 0.395370 0.047396 0.016667
1 0.520052 0.395370 0.026562 0.016667
1 0.773177 0.395370 0.047396 0.016667
1 0.031771 0.434722 0.020833 0.015741
1 0.277604 0.437037 0.027083 0.020370
1 0.519792 0.435185 0.026042 0.016667
1 0.767188 0.435185 0.035417 0.016667
1 0.031771 0.474537 0.020833 0.015741
1 0.282552 0.476852 0.036979 0.020370
1 0.530729 0.476852 0.047917 0.020370
1 0.762500 0.475000 0.026042 0.016667
1 0.031771 0.514352 0.020833 0.015741
1 0.269271 0.514352 0.010417 0.015741
1 0.525260 0.516667 0.036979 0.020370
1 0.762500 0.514815 0.026042 0.016667
1 0.031771 0.554167 0.020833 0.015741
1 0.293750 0.554630 0.059375 0.016667
1 0.519792 0.554630 0.026042 0.016667
1 0.754687 0.554167 0.010417 0.015741
1 0.031771 0.593981 0.020833 0.015741
1 0.281771 0.594444 0.035417 0.016667
1 0.519792 0.594444 0.026042 0.016667
1 0.764323 0.594444 0.029687 0.016667