10 0.500000 0.036574 1.000000 0.073148
2 0.020573 0.036574 0.022396 0.039815
1 0.078125 0.034722 0.073958 0.023148
1 0.944531 0.035648 0.033854 0.019444
1 0.894271 0.035648 0.035417 0.019444
1 0.839844 0.035648 0.028646 0.019444
10 0.172917 0.158333 0.317708 0.116667
1 0.056510 0.125000 0.066146 0.016667
1 0.032813 0.165278 0.018750 0.025000
10 0.500000 0.158333 0.317708 0.116667
1 0.378385 0.126852 0.055729 0.020370
1 0.371615 0.167130 0.042188 0.028704
10 0.827083 0.158333 0.317708 0.116667
1 0.701042 0.126852 0.046875 0.020370
1 0.698958 0.165278 0.042708 0.025000
1 0.060937 0.263426 0.093750 0.026852
1 0.031510 0.313426 0.020313 0.015741
1 0.272917 0.313889 0.017708 0.016667
1 0.526823 0.315278 0.040104 0.019444
1 0.774479 0.315741 0.050000 0.020370
1 0.031771 0.355093 0.020833 0.015741
1 0.277344 0.355556 0.026562 0.016667
1 0.527604 0.355556 0.041667 0.016667
1 0.768490 0.355556 0.038021 0.016667
1 0.031771 0.394907 0.020833 0.015741
1 0.278385 0.396759 0.028646 0.019444
1 0.521354 0.395370 0.029167 0.016667
1 0.758854 0.394907 0.018750 0.015741
1 0.031771 0.434722 0.020833 0.015741
1 0.271875 0.434722 0.015625 0.015741
1 0.525781 0.437037 0.038021 0.020370
1 0.773438 0.437037 0.047917 0.020370
1 0.031771 0.474537 0.020833 0.015741
1 0.277083 0.474537 0.026042 0.015741
1 0.521615 0.475000 0.029687 0.016667
1 0.763281 0.474537 0.027604 0.015741
1 0.031771 0.514352 0.020833 0.015741
1 0.282292 0.516667 0.036458 0.020370
1 0.521615 0.514815 0.029687 0.016667
1 0.760938 0.514352 0.022917 0.015741
1 0.031771 0.554167 0.020833 0.015741
1 0.282292 0.556481 0.036458 0.020370
1 0.518229 0.555556 0.022917 0.018519
1 0.762760 0.554630 0.026562 0.016667
1 0.031771 0.593981 0.020833 0.015741
1 0.293750 0.594444 0.059375 0.016667
1 0.525521 0.596296 0.037500 0.020370
1 0.768229 0.596296 0.037500 0.020370
1 0.031771 0.633796 0.020833 0.015741
1 0.275000 0.633796 0.021875 0.015741
1 0.525521 0.636111 0.037500 0.020370
1 0.773177 0.634259 0.047396 0.016667