10 0.500000 0.036574 1.000000 0.073148
2 0.020573 0.036574 0.022396 0.039815
1 0.078125 0.034722 0.073958 0.023148
1 0.953646 0.037500 0.037500 0.023148
1 0.898438 0.035185 0.029167 0.018519
1 0.840104 0.035185 0.043750 0.018519
10 0.091146 0.158333 0.154167 0.116667
1 0.056510 0.125000 0.066146 0.016667
1 0.048958 0.165278 0.051042 0.025000
10 0.254688 0.158333 0.154167 0.116667
1 0.210417 0.126389 0.046875 0.019444
1 0.201042 0.165278 0.028125 0.025000
10 0.418229 0.158333 0.154167 0.116667
1 0.374740 0.125000 0.048438 0.016667
1 0.371875 0.165278 0.042708 0.025000
10 0.581771 0.158333 0.154167 0.116667
1 0.529948 0.126852 0.031771 0.020370
1 0.535156 0.167130 0.042188 0.028704
10 0.745313 0.158333 0.154167 0.116667
1 0.703646 0.126852 0.052083 0.020370
1 0.686979 0.165278 0.018750 0.025000
10 0.908854 0.158333 0.154167 0.116667
1 0.859635 0.126389 0.036979 0.019444
1 0.864844 0.165278 0.047396 0.025000
1 0.060937 0.263426 0.093750 0.026852
1 0.034635 0.313426 0.026562 0.015741
1 0.232292 0.313889 0.033333 0.016667
1 0.418750 0.313889 0.017708 0.016667
1 0.608854 0.313426 0.009375 0.015741
1 0.810677 0.313426 0.024479 0.015741
1 0.031771 0.355093 0.020833 0.015741
1 0.233854 0.357407 0.036458 0.020370
1 0.419271 0.355093 0.018750 0.015741
1 0.616146 0.355093 0.023958 0.015741
1 0.803646 0.355093 0.010417 0.015741
1 0.031771 0.394907 0.020833 0.015741
1 0.236458 0.395370 0.041667 0.016667
1 0.428906 0.395370 0.038021 0.016667
1 0.622917 0.397222 0.037500 0.020370
1 0.809375 0.394907 0.021875 0.015741
1 0.031771 0.434722 0.020833 0.015741
1 0.220833 0.434722 0.010417 0.015741
1 0.425260 0.434722 0.030729 0.015741
1 0.622396 0.437037 0.036458 0.020370
1 0.811458 0.435185 0.026042 0.016667
1 0.031771 0.474537 0.020833 0.015741
1 0.229948 0.476389 0.028646 0.019444
1 0.428906 0.475000 0.038021 0.016667
1 0.618490 0.476389 0.028646 0.019444
1 0.811979 0.476852 0.027083 0.020370
1 0.031771 0.514352 0.020833 0.015741
1 0.234375 0.516667 0.037500 0.020370
1 0.420833 0.514352 0.021875 0.015741
1 0.606771 0.514352 0.005208 0.015741
1 0.816667 0.516667 0.036458 0.020370