10 0.500000 0.036574 1.000000 0.073148
2 0.020573 0.036574 0.022396 0.039815
1 0.078125 0.034722 0.073958 0.023148
1 0.956510 0.035648 0.028646 0.019444
1 0.897135 0.037500 0.041146 0.023148
1 0.825260 0.037963 0.043229 0.024074
1 0.754948 0.035648 0.033854 0.019444
10 0.083073 0.536574 0.166146 0.926852
1 0.029948 0.109259 0.031771 0.018519
1 0.035677 0.158333 0.043229 0.024074
1 0.038021 0.204630 0.047917 0.024074
1 0.043229 0.248611 0.058333 0.019444
1 0.035156 0.297222 0.042188 0.024074
1 0.025781 0.341204 0.023438 0.019444
1 0.034635 0.389352 0.041146 0.023148
1 0.035417 0.435648 0.042708 0.023148
10 0.243229 0.158333 0.126042 0.116667
1 0.205469 0.126852 0.031771 0.020370
1 0.203646 0.165278 0.028125 0.025000
10 0.378646 0.158333 0.126042 0.116667
1 0.358073 0.125000 0.066146 0.016667
1 0.346354 0.165278 0.042708 0.025000
10 0.514062 0.158333 0.126042 0.116667
1 0.488281 0.126852 0.055729 0.020370
1 0.486198 0.168519 0.051562 0.031481
10 0.649479 0.158333 0.126042 0.116667
1 0.619271 0.126852 0.046875 0.020370
1 0.616927 0.167130 0.042188 0.028704
10 0.784896 0.158333 0.126042 0.116667
1 0.754687 0.126389 0.046875 0.019444
1 0.759115 0.165278 0.055729 0.025000
10 0.920312 0.158333 0.126042 0.116667
1 0.885156 0.126389 0.036979 0.019444
1 0.871354 0.165278 0.009375 0.025000
1 0.227083 0.263426 0.093750 0.026852
1 0.203646 0.315741 0.032292 0.020370
1 0.472396 0.313889 0.033333 0.016667
1 0.743750 0.313889 0.039583 0.016667
1 0.197917 0.355093 0.020833 0.015741
1 0.485417 0.355556 0.059375 0.016667
1 0.737240 0.355556 0.026562 0.016667
1 0.197917 0.394907 0.020833 0.015741
1 0.466667 0.394907 0.021875 0.015741
1 0.747917 0.397222 0.047917 0.020370
1 0.197917 0.434722 0.020833 0.015741
1 0.467187 0.434722 0.022917 0.015741
1 0.739323 0.434722 0.030729 0.015741
1 0.197917 0.474537 0.020833 0.015741
1 0.469271 0.476852 0.027083 0.020370
1 0.742969 0.475000 0.038021 0.016667