10 0.500000 0.036574 1.000000 0.073148
2 0.020573 0.036574 0.022396 0.039815
1 0.078125 0.034722 0.073958 0.023148
1 0.944010 0.035648 0.047396 0.019444
1 0.876563 0.035185 0.043750 0.018519
1 0.810417 0.037500 0.042708 0.023148
1 0.713542 0.035648 0.067708 0.019444
10 0.132031 0.158333 0.235937 0.116667
1 0.046875 0.126852 0.046875 0.020370
1 0.037500 0.165278 0.028125 0.025000
10 0.377344 0.158333 0.235937 0.116667
1 0.292187 0.126389 0.046875 0.019444
1 0.289844 0.167130 0.042188 0.028704
10 0.622656 0.158333 0.235937 0.116667
1 0.541927 0.126852 0.055729 0.020370
1 0.541927 0.165278 0.055729 0.025000
10 0.867969 0.158333 0.235937 0.116667
1 0.777865 0.126389 0.036979 0.019444
1 0.780729 0.165278 0.042708 0.025000
1 0.060937 0.263426 0.093750 0.026852
1 0.038542 0.313889 0.034375 0.016667
1 0.365365 0.315278 0.040104 0.019444
1 0.683854 0.313426 0.029167 0.015741
1 0.031771 0.355093 0.020833 0.015741
1 0.363542 0.357407 0.036458 0.020370
1 0.682292 0.355093 0.026042 0.015741
1 0.031771 0.394907 0.020833 0.015741
1 0.360156 0.395370 0.029687 0.016667
1 0.687760 0.397222 0.036979 0.020370
1 0.031771 0.434722 0.020833 0.015741
1 0.358594 0.435185 0.026562 0.016667
1 0.680729 0.434722 0.022917 0.015741