10 0.500000 0.036574 1.000000 0.073148
2 0.020573 0.036574 0.022396 0.039815
1 0.078125 0.034722 0.073958 0.023148
1 0.941406 0.037963 0.042188 0.024074
1 0.864062 0.037963 0.047917 0.024074
1 0.806771 0.035648 0.035417 0.019444
1 0.752604 0.035185 0.029167 0.018519
10 0.107292 0.158333 0.186458 0.116667
1 0.047656 0.125000 0.048438 0.016667
1 0.040104 0.165278 0.033333 0.025000
10 0.303125 0.158333 0.186458 0.116667
1 0.249740 0.126389 0.060937 0.019444
1 0.240625 0.165278 0.042708 0.025000
10 0.498958 0.158333 0.186458 0.116667
1 0.438542 0.126852 0.046875 0.020370
1 0.429167 0.165278 0.028125 0.025000
10 0.694792 0.158333 0.186458 0.116667
1 0.638802 0.126852 0.055729 0.020370
1 0.645052 0.168981 0.068229 0.032407
10 0.890625 0.158333 0.186458 0.116667
1 0.839844 0.125000 0.066146 0.016667
1 0.827865 0.167130 0.042188 0.028704
1 0.060937 0.263426 0.093750 0.026852
1 0.041406 0.315278 0.040104 0.019444
1 0.354167 0.313889 0.017708 0.016667
1 0.673958 0.313426 0.009375 0.015741
1 0.031771 0.355093 0.020833 0.015741
1 0.354687 0.355093 0.018750 0.015741
1 0.680729 0.356481 0.022917 0.018519
1 0.031771 0.394907 0.020833 0.015741
1 0.360677 0.394907 0.030729 0.015741
1 0.686979 0.395370 0.035417 0.016667
1 0.031771 0.434722 0.020833 0.015741
1 0.369271 0.437037 0.047917 0.020370
1 0.690104 0.435185 0.041667 0.016667
1 0.031771 0.474537 0.020833 0.015741
1 0.369010 0.475000 0.047396 0.016667
1 0.687500 0.476852 0.036458 0.020370
1 0.031771 0.514352 0.020833 0.015741
1 0.366146 0.514815 0.041667 0.016667
1 0.690104 0.514815 0.041667 0.016667
1 0.031771 0.554167 0.020833 0.015741
1 0.358594 0.554630 0.026562 0.016667
1 0.687500 0.556481 0.036458 0.020370