1 0.086198 0.040741 0.144271 0.031481
0 0.951562 0.045370 0.068750 0.046296
0 0.871354 0.045370 0.077083 0.046296
3 0.133854 0.106481 0.239583 0.046296
4 0.025781 0.168056 0.013021 0.023148
1 0.063021 0.168519 0.031250 0.018519
1 0.301302 0.168519 0.035937 0.018519
1 0.528906 0.168519 0.019271 0.018519
1 0.766667 0.168056 0.022917 0.017593
4 0.025781 0.213426 0.013021 0.023148
1 0.055208 0.212500 0.015625 0.015741
1 0.302344 0.212963 0.038021 0.016667
1 0.533854 0.212963 0.029167 0.016667
1 0.780208 0.212500 0.050000 0.015741
4 0.025781 0.256944 0.013021 0.023148
1 0.055208 0.256019 0.015625 0.015741
1 0.323698 0.258333 0.080729 0.020370
1 0.532552 0.256481 0.026562 0.016667
1 0.780208 0.256019 0.050000 0.015741
4 0.025781 0.300463 0.013021 0.023148
1 0.055208 0.299537 0.015625 0.015741
1 0.303906 0.300000 0.041146 0.016667
1 0.548958 0.300000 0.059375 0.016667
1 0.780208 0.299537 0.050000 0.015741
4 0.025781 0.343981 0.013021 0.023148
1 0.052604 0.343056 0.010417 0.015741
1 0.323698 0.345370 0.080729 0.020370
1 0.537500 0.345370 0.036458 0.020370
1 0.780208 0.343056 0.050000 0.015741
4 0.025781 0.387500 0.013021 0.023148
1 0.055208 0.386574 0.015625 0.015741
1 0.298177 0.387037 0.029687 0.016667
1 0.536979 0.387037 0.035417 0.016667
1 0.780208 0.386574 0.050000 0.015741
1 0.056510 0.437963 0.084896 0.020370
0 0.965885 0.439352 0.040104 0.036111
0 0.933073 0.439352 0.018229 0.036111
0 0.911198 0.439352 0.018229 0.036111
0 0.878385 0.439352 0.040104 0.036111