1 0.086198 0.040741 0.144271 0.031481
0 0.951562 0.045370 0.068750 0.046296
0 0.871354 0.045370 0.077083 0.046296
3 0.146875 0.106481 0.265625 0.046296
1 0.032552 0.168056 0.026562 0.017593
1 0.329688 0.168056 0.022917 0.017593
1 0.635156 0.168519 0.035937 0.018519
1 0.934115 0.168519 0.035937 0.018519
1 0.027083 0.212500 0.015625 0.015741
1 0.343229 0.212500 0.050000 0.015741
1 0.630990 0.212963 0.027604 0.016667
0 0.929427 0.214815 0.029687 0.033333
0 0.962760 0.214815 0.029687 0.033333
1 0.027083 0.256019 0.015625 0.015741
1 0.343229 0.256019 0.050000 0.015741
1 0.635677 0.258333 0.036979 0.020370
0 0.929427 0.258333 0.029687 0.033333
0 0.962760 0.258333 0.029687 0.033333
1 0.027083 0.299537 0.015625 0.015741
1 0.343229 0.299537 0.050000 0.015741
1 0.630990 0.300000 0.027604 0.016667
0 0.929427 0.301852 0.029687 0.033333
0 0.962760 0.301852 0.029687 0.033333
1 0.024479 0.343056 0.010417 0.015741
1 0.343229 0.343056 0.050000 0.015741
1 0.634115 0.343519 0.033854 0.016667
0 0.929427 0.345370 0.029687 0.033333
0 0.962760 0.345370 0.029687 0.033333
1 0.027083 0.386574 0.015625 0.015741
1 0.343229 0.386574 0.050000 0.015741
1 0.650781 0.387963 0.067187 0.018519
0 0.929427 0.388889 0.029687 0.033333
0 0.962760 0.388889 0.029687 0.033333
1 0.024479 0.430093 0.010417 0.015741
1 0.343229 0.430093 0.050000 0.015741
1 0.636198 0.430556 0.038021 0.016667
0 0.929427 0.432407 0.029687 0.033333
0 0.962760 0.432407 0.029687 0.033333
1 0.056510 0.481481 0.084896 0.020370
0 0.965885 0.482870 0.040104 0.036111
0 0.933073 0.482870 0.018229 0.036111
0 0.911198 0.482870 0.018229 0.036111
0 0.878385 0.482870 0.040104 0.036111