1 0.086198 0.040741 0.144271 0.031481
0 0.951562 0.045370 0.068750 0.046296
0 0.871354 0.045370 0.077083 0.046296
3 0.112760 0.106481 0.197396 0.046296
4 0.025781 0.168056 0.013021 0.023148
1 0.067969 0.170370 0.041146 0.022222
1 0.219531 0.170833 0.054688 0.023148
1 0.358854 0.170370 0.043750 0.022222
1 0.497917 0.168056 0.032292 0.017593
1 0.642188 0.168519 0.031250 0.018519
1 0.776823 0.168056 0.010937 0.017593
1 0.934115 0.168519 0.035937 0.018519
4 0.025781 0.213426 0.013021 0.023148
1 0.055208 0.212500 0.015625 0.015741
1 0.205208 0.212963 0.026042 0.016667
1 0.347917 0.212500 0.021875 0.015741
1 0.511458 0.212963 0.059375 0.016667
1 0.660156 0.213889 0.067187 0.018519
1 0.789844 0.214815 0.036979 0.020370
0 0.929427 0.214815 0.029687 0.033333
0 0.962760 0.214815 0.029687 0.033333
4 0.025781 0.256944 0.013021 0.023148
1 0.055208 0.256019 0.015625 0.015741
1 0.211198 0.256481 0.038021 0.016667
1 0.355990 0.256481 0.038021 0.016667
1 0.500000 0.258333 0.036458 0.020370
1 0.647917 0.256481 0.042708 0.016667
1 0.795573 0.257870 0.048438 0.019444
0 0.929427 0.258333 0.029687 0.033333
0 0.962760 0.258333 0.029687 0.033333
4 0.025781 0.300463 0.013021 0.023148
1 0.055208 0.299537 0.015625 0.015741
1 0.203125 0.299537 0.021875 0.015741
1 0.366667 0.300000 0.059375 0.016667
1 0.495573 0.300000 0.027604 0.016667
1 0.639844 0.300000 0.026562 0.016667
1 0.804688 0.299537 0.066667 0.015741
0 0.929427 0.301852 0.029687 0.033333
0 0.962760 0.301852 0.029687 0.033333
4 0.025781 0.343981 0.013021 0.023148
1 0.055208 0.343056 0.015625 0.015741
1 0.217188 0.343056 0.050000 0.015741
1 0.350000 0.343056 0.026042 0.015741
1 0.496615 0.343519 0.029687 0.016667
1 0.640365 0.343519 0.027604 0.016667
1 0.784896 0.345370 0.027083 0.020370
0 0.929427 0.345370 0.029687 0.033333
0 0.962760 0.345370 0.029687 0.033333
4 0.025781 0.387500 0.013021 0.023148
1 0.055208 0.386574 0.015625 0.015741
1 0.210417 0.388889 0.036458 0.020370
1 0.370312 0.386574 0.066667 0.015741
1 0.496615 0.387037 0.029687 0.016667
1 0.644792 0.388889 0.036458 0.020370
1 0.800521 0.386574 0.058333 0.015741
0 0.929427 0.388889 0.029687 0.033333
0 0.962760 0.388889 0.029687 0.033333
4 0.025781 0.431019 0.013021 0.023148
1 0.055208 0.430093 0.015625 0.015741
1 0.210417 0.432407 0.036458 0.020370
1 0.370312 0.430093 0.066667 0.015741
1 0.510938 0.430093 0.058333 0.015741
1 0.666927 0.432407 0.080729 0.020370
1 0.784635 0.430556 0.026562 0.016667
0 0.929427 0.432407 0.029687 0.033333
0 0.962760 0.432407 0.029687 0.033333
1 0.056510 0.481481 0.084896 0.020370
0 0.965885 0.482870 0.040104 0.036111
0 0.933073 0.482870 0.018229 0.036111
0 0.911198 0.482870 0.018229 0.036111
0 0.878385 0.482870 0.040104 0.036111