1 0.086198 0.040741 0.144271 0.031481
0 0.951562 0.045370 0.068750 0.046296
0 0.871354 0.045370 0.077083 0.046296
3 0.130208 0.106481 0.232292 0.046296
1 0.030729 0.168056 0.022917 0.017593
1 0.228125 0.168056 0.029167 0.017593
1 0.425781 0.168519 0.035937 0.018519
1 0.622656 0.170370 0.041146 0.022222
1 0.809896 0.168519 0.027083 0.018519
1 0.024479 0.212500 0.010417 0.015741
1 0.227865 0.214352 0.028646 0.019444
1 0.418750 0.212500 0.021875 0.015741
1 0.615104 0.212963 0.026042 0.016667
1 0.798958 0.212500 0.005208 0.015741
1 0.027083 0.256019 0.015625 0.015741
1 0.225000 0.257407 0.022917 0.018519
1 0.441146 0.256019 0.066667 0.015741
1 0.625781 0.256481 0.047396 0.016667
1 0.804167 0.256019 0.015625 0.015741
1 0.027083 0.299537 0.015625 0.015741
1 0.227865 0.301389 0.028646 0.019444
1 0.425521 0.300000 0.035417 0.016667
1 0.615104 0.299537 0.026042 0.015741
1 0.798958 0.299537 0.005208 0.015741
1 0.027083 0.343056 0.015625 0.015741
1 0.228906 0.343056 0.030729 0.015741
1 0.428646 0.343519 0.041667 0.016667
1 0.622917 0.343519 0.041667 0.016667
1 0.807813 0.343056 0.022917 0.015741
1 0.027083 0.386574 0.015625 0.015741
1 0.227344 0.386574 0.027604 0.015741
1 0.420833 0.386574 0.026042 0.015741
1 0.621094 0.387037 0.038021 0.016667
1 0.798958 0.386574 0.005208 0.015741
1 0.027083 0.430093 0.015625 0.015741
1 0.222917 0.430093 0.018750 0.015741
1 0.441406 0.431481 0.067187 0.018519
1 0.627083 0.430093 0.050000 0.015741
1 0.810156 0.430093 0.027604 0.015741
1 0.027083 0.473611 0.015625 0.015741
1 0.225000 0.473611 0.022917 0.015741
1 0.425521 0.474074 0.035417 0.016667
1 0.621094 0.474074 0.038021 0.016667
1 0.807813 0.475000 0.022917 0.018519
1 0.027083 0.517130 0.015625 0.015741
1 0.225000 0.517130 0.022917 0.015741
1 0.428646 0.517593 0.041667 0.016667
1 0.642448 0.519444 0.080729 0.020370
1 0.807813 0.517130 0.022917 0.015741
1 0.027083 0.560648 0.015625 0.015741
1 0.228906 0.560648 0.030729 0.015741
1 0.425521 0.561111 0.035417 0.016667
1 0.619792 0.561111 0.035417 0.016667
1 0.801562 0.560648 0.010417 0.015741
1 0.027083 0.604167 0.015625 0.015741
1 0.225000 0.605556 0.022917 0.018519
1 0.426302 0.606481 0.036979 0.020370
1 0.642448 0.606481 0.080729 0.020370
1 0.808333 0.604167 0.023958 0.015741
1 0.027083 0.647685 0.015625 0.015741
1 0.228906 0.647685 0.030729 0.015741
1 0.432031 0.649537 0.048438 0.019444
1 0.626042 0.650000 0.047917 0.020370
1 0.804167 0.647685 0.015625 0.015741
1 0.024479 0.691204 0.010417 0.015741
1 0.216146 0.691204 0.005208 0.015741
1 0.424740 0.691667 0.033854 0.016667
1 0.615625 0.693519 0.027083 0.020370
1 0.805729 0.691204 0.018750 0.015741
1 0.059115 0.742593 0.090104 0.020370
0 0.965885 0.743981 0.040104 0.036111
0 0.933073 0.743981 0.018229 0.036111
0 0.911198 0.743981 0.018229 0.036111
0 0.878385 0.743981 0.040104 0.036111