1 0.086198 0.040741 0.144271 0.031481
0 0.951562 0.045370 0.068750 0.046296
0 0.871354 0.045370 0.077083 0.046296
3 0.153125 0.106481 0.278125 0.046296
4 0.025781 0.168056 0.013021 0.023148
1 0.063021 0.168519 0.031250 0.018519
1 0.205729 0.168519 0.027083 0.018519
1 0.354167 0.170833 0.034375 0.023148
1 0.491406 0.168519 0.019271 0.018519
1 0.648438 0.170370 0.043750 0.022222
1 0.790104 0.168519 0.037500 0.018519
1 0.934115 0.168519 0.035937 0.018519
4 0.025781 0.213426 0.013021 0.023148
1 0.055208 0.212500 0.015625 0.015741
1 0.207552 0.212500 0.030729 0.015741
1 0.364323 0.212500 0.054688 0.015741
1 0.500260 0.214815 0.036979 0.020370
1 0.666927 0.214815 0.080729 0.020370
1 0.785156 0.212963 0.027604 0.016667
0 0.929427 0.214815 0.029687 0.033333
0 0.962760 0.214815 0.029687 0.033333
4 0.025781 0.256944 0.013021 0.023148
1 0.055208 0.256019 0.015625 0.015741
1 0.200000 0.256019 0.015625 0.015741
1 0.353906 0.256481 0.033854 0.016667
1 0.502604 0.256481 0.041667 0.016667
1 0.647396 0.256481 0.041667 0.016667
1 0.784375 0.256481 0.026042 0.016667
0 0.929427 0.258333 0.029687 0.033333
0 0.962760 0.258333 0.029687 0.033333
4 0.025781 0.300463 0.013021 0.023148
1 0.055208 0.299537 0.015625 0.015741
1 0.197396 0.299537 0.010417 0.015741
1 0.355208 0.301852 0.036458 0.020370
1 0.509115 0.299537 0.054688 0.015741
1 0.650521 0.301852 0.047917 0.020370
1 0.789062 0.300000 0.035417 0.016667
0 0.929427 0.301852 0.029687 0.033333
0 0.962760 0.301852 0.029687 0.033333
4 0.025781 0.343981 0.013021 0.023148
1 0.050000 0.343056 0.005208 0.015741
1 0.203646 0.344444 0.022917 0.018519
1 0.355990 0.343519 0.038021 0.016667
1 0.522135 0.345370 0.080729 0.020370
1 0.639583 0.343519 0.026042 0.016667
1 0.804948 0.344444 0.067187 0.018519
0 0.929427 0.345370 0.029687 0.033333
0 0.962760 0.345370 0.029687 0.033333
4 0.025781 0.387500 0.013021 0.023148
1 0.055208 0.386574 0.015625 0.015741
1 0.203646 0.386574 0.022917 0.015741
1 0.354687 0.387037 0.035417 0.016667
1 0.503125 0.387037 0.042708 0.016667
1 0.645052 0.388889 0.036979 0.020370
1 0.804948 0.387963 0.067187 0.018519
0 0.929427 0.388889 0.029687 0.033333
0 0.962760 0.388889 0.029687 0.033333
4 0.025781 0.431019 0.013021 0.023148
1 0.055208 0.430093 0.015625 0.015741
1 0.207552 0.430093 0.030729 0.015741
1 0.366146 0.430093 0.058333 0.015741
1 0.495052 0.430556 0.026562 0.016667
1 0.656250 0.430556 0.059375 0.016667
1 0.804948 0.431481 0.067187 0.018519
0 0.929427 0.432407 0.029687 0.033333
0 0.962760 0.432407 0.029687 0.033333
4 0.025781 0.474537 0.013021 0.023148
1 0.055208 0.473611 0.015625 0.015741
1 0.207552 0.473611 0.030729 0.015741
1 0.355469 0.475926 0.036979 0.020370
1 0.494792 0.474074 0.026042 0.016667
1 0.644271 0.474074 0.035417 0.016667
1 0.796354 0.473611 0.050000 0.015741
0 0.929427 0.475926 0.029687 0.033333
0 0.962760 0.475926 0.029687 0.033333
4 0.025781 0.518056 0.013021 0.023148
1 0.055208 0.517130 0.015625 0.015741
1 0.203646 0.517130 0.022917 0.015741
1 0.355990 0.517593 0.038021 0.016667
1 0.495573 0.517593 0.027604 0.016667
1 0.656250 0.517593 0.059375 0.016667
1 0.795052 0.517593 0.047396 0.016667
0 0.929427 0.519444 0.029687 0.033333
0 0.962760 0.519444 0.029687 0.033333
4 0.025781 0.561574 0.013021 0.023148
1 0.055208 0.560648 0.015625 0.015741
1 0.194792 0.560648 0.005208 0.015741
1 0.364323 0.560648 0.054688 0.015741
1 0.503125 0.561111 0.042708 0.016667
1 0.641406 0.561111 0.029687 0.016667
1 0.788281 0.561111 0.033854 0.016667
0 0.929427 0.562963 0.029687 0.033333
0 0.962760 0.562963 0.029687 0.033333
4 0.025781 0.605093 0.013021 0.023148
1 0.055208 0.604167 0.015625 0.015741
1 0.204167 0.604167 0.023958 0.015741
1 0.370573 0.605556 0.067187 0.018519
1 0.496354 0.604630 0.029167 0.016667
1 0.645573 0.606481 0.038021 0.020370
1 0.785156 0.604630 0.027604 0.016667
0 0.929427 0.606481 0.029687 0.033333
0 0.962760 0.606481 0.029687 0.033333
1 0.059115 0.655556 0.090104 0.020370
0 0.965885 0.656944 0.040104 0.036111
0 0.933073 0.656944 0.018229 0.036111
0 0.911198 0.656944 0.018229 0.036111
0 0.878385 0.656944 0.040104 0.036111