1 0.086198 0.040741 0.144271 0.031481
0 0.951562 0.045370 0.068750 0.046296
0 0.871354 0.045370 0.077083 0.046296
3 0.149219 0.106481 0.270313 0.046296
4 0.025781 0.168056 0.013021 0.023148
1 0.069010 0.168519 0.043229 0.018519
1 0.209375 0.170833 0.034375 0.023148
1 0.353125 0.168056 0.032292 0.017593
1 0.496354 0.168056 0.029167 0.017593
1 0.644531 0.168519 0.035937 0.018519
1 0.786198 0.168056 0.029687 0.017593
1 0.934115 0.168519 0.035937 0.018519
4 0.025781 0.213426 0.013021 0.023148
1 0.055208 0.212500 0.015625 0.015741
1 0.212760 0.212963 0.041146 0.016667
1 0.377344 0.214815 0.080729 0.020370
1 0.489583 0.212500 0.015625 0.015741
1 0.647135 0.212963 0.041146 0.016667
1 0.788281 0.212963 0.033854 0.016667
0 0.929427 0.214815 0.029687 0.033333
0 0.962760 0.214815 0.029687 0.033333
4 0.025781 0.256944 0.013021 0.023148
1 0.055208 0.256019 0.015625 0.015741
1 0.205469 0.256481 0.026562 0.016667
1 0.358333 0.256481 0.042708 0.016667
1 0.493229 0.257407 0.022917 0.018519
1 0.644792 0.258333 0.036458 0.020370
1 0.789844 0.258333 0.036979 0.020370
0 0.929427 0.258333 0.029687 0.033333
0 0.962760 0.258333 0.029687 0.033333
4 0.025781 0.300463 0.013021 0.023148
1 0.055208 0.299537 0.015625 0.015741
1 0.211198 0.300000 0.038021 0.016667
1 0.351823 0.300000 0.029687 0.016667
1 0.489583 0.299537 0.015625 0.015741
1 0.644271 0.300000 0.035417 0.016667
1 0.789062 0.300000 0.035417 0.016667
0 0.929427 0.301852 0.029687 0.033333
0 0.962760 0.301852 0.029687 0.033333
4 0.025781 0.343981 0.013021 0.023148
1 0.055208 0.343056 0.015625 0.015741
1 0.216406 0.344907 0.048438 0.019444
1 0.350260 0.343519 0.026562 0.016667
1 0.495573 0.343056 0.027604 0.015741
1 0.644792 0.345370 0.036458 0.020370
1 0.789583 0.345370 0.036458 0.020370
0 0.929427 0.345370 0.029687 0.033333
0 0.962760 0.345370 0.029687 0.033333
4 0.025781 0.387500 0.013021 0.023148
1 0.055208 0.386574 0.015625 0.015741
1 0.216406 0.388426 0.048438 0.019444
1 0.361979 0.386574 0.050000 0.015741
1 0.486979 0.386574 0.010417 0.015741
1 0.645052 0.388889 0.036979 0.020370
1 0.789583 0.388889 0.036458 0.020370
0 0.929427 0.388889 0.029687 0.033333
0 0.962760 0.388889 0.029687 0.033333
4 0.025781 0.431019 0.013021 0.023148
1 0.055208 0.430093 0.015625 0.015741
1 0.205990 0.430556 0.027604 0.016667
1 0.350781 0.430556 0.027604 0.016667
1 0.497135 0.430093 0.030729 0.015741
1 0.640365 0.430556 0.027604 0.016667
1 0.784375 0.430556 0.026042 0.016667
0 0.929427 0.432407 0.029687 0.033333
0 0.962760 0.432407 0.029687 0.033333
4 0.025781 0.474537 0.013021 0.023148
1 0.055208 0.473611 0.015625 0.015741
1 0.210677 0.475926 0.036979 0.020370
1 0.350521 0.475926 0.027083 0.020370
1 0.493229 0.475000 0.022917 0.018519
1 0.639583 0.473611 0.026042 0.015741
1 0.784635 0.474074 0.026562 0.016667
0 0.929427 0.475926 0.029687 0.033333
0 0.962760 0.475926 0.029687 0.033333
4 0.025781 0.518056 0.013021 0.023148
1 0.055208 0.517130 0.015625 0.015741
1 0.217188 0.517130 0.050000 0.015741
1 0.357812 0.517593 0.041667 0.016667
1 0.493229 0.518519 0.022917 0.018519
1 0.647135 0.517593 0.041146 0.016667
1 0.788281 0.517593 0.033854 0.016667
0 0.929427 0.519444 0.029687 0.033333
0 0.962760 0.519444 0.029687 0.033333
1 0.056510 0.568519 0.084896 0.020370
0 0.965885 0.569907 0.040104 0.036111
0 0.933073 0.569907 0.018229 0.036111
0 0.911198 0.569907 0.018229 0.036111
0 0.878385 0.569907 0.040104 0.036111