1 0.086198 0.040741 0.144271 0.031481
0 0.951562 0.045370 0.068750 0.046296
0 0.871354 0.045370 0.077083 0.046296
3 0.129167 0.106481 0.230208 0.046296
4 0.025781 0.168056 0.013021 0.023148
1 0.069271 0.170370 0.043750 0.022222
1 0.235417 0.168056 0.029167 0.017593
1 0.415885 0.168519 0.043229 0.018519
1 0.588281 0.170370 0.041146 0.022222
1 0.752604 0.168056 0.022917 0.017593
1 0.934115 0.168519 0.035937 0.018519
4 0.025781 0.213426 0.013021 0.023148
1 0.055208 0.212500 0.015625 0.015741
1 0.226042 0.212500 0.010417 0.015741
1 0.407292 0.212963 0.026042 0.016667
1 0.584635 0.212963 0.033854 0.016667
1 0.766146 0.212500 0.050000 0.015741
0 0.929427 0.214815 0.029687 0.033333
0 0.962760 0.214815 0.029687 0.033333
4 0.025781 0.256944 0.013021 0.023148
1 0.055208 0.256019 0.015625 0.015741
1 0.226042 0.256019 0.010417 0.015741
1 0.413281 0.258333 0.038021 0.020370
1 0.598437 0.256944 0.061458 0.017593
1 0.766146 0.256019 0.050000 0.015741
0 0.929427 0.258333 0.029687 0.033333
0 0.962760 0.258333 0.029687 0.033333
4 0.025781 0.300463 0.013021 0.023148
1 0.055208 0.299537 0.015625 0.015741
1 0.228646 0.299537 0.015625 0.015741
1 0.427604 0.299537 0.066667 0.015741
1 0.597396 0.300000 0.059375 0.016667
1 0.766146 0.299537 0.050000 0.015741
0 0.929427 0.301852 0.029687 0.033333
0 0.962760 0.301852 0.029687 0.033333
4 0.025781 0.343981 0.013021 0.023148
1 0.055208 0.343056 0.015625 0.015741
1 0.235156 0.344907 0.028646 0.019444
1 0.412500 0.345370 0.036458 0.020370
1 0.601042 0.343056 0.066667 0.015741
1 0.766146 0.343056 0.050000 0.015741
0 0.929427 0.345370 0.029687 0.033333
0 0.962760 0.345370 0.029687 0.033333
4 0.025781 0.387500 0.013021 0.023148
1 0.055208 0.386574 0.015625 0.015741
1 0.232292 0.387963 0.022917 0.018519
1 0.412760 0.388889 0.036979 0.020370
1 0.588542 0.387037 0.041667 0.016667
1 0.766146 0.386574 0.050000 0.015741
0 0.929427 0.388889 0.029687 0.033333
0 0.962760 0.388889 0.029687 0.033333
4 0.025781 0.431019 0.013021 0.023148
1 0.055208 0.430093 0.015625 0.015741
1 0.232813 0.430093 0.023958 0.015741
1 0.415104 0.430556 0.041667 0.016667
1 0.582552 0.430556 0.029687 0.016667
1 0.766146 0.430093 0.050000 0.015741
0 0.929427 0.432407 0.029687 0.033333
0 0.962760 0.432407 0.029687 0.033333
4 0.025781 0.474537 0.013021 0.023148
1 0.055208 0.473611 0.015625 0.015741
1 0.232292 0.473611 0.022917 0.015741
1 0.423438 0.473611 0.058333 0.015741
1 0.585938 0.475926 0.036458 0.020370
1 0.766146 0.473611 0.050000 0.015741
0 0.929427 0.475926 0.029687 0.033333
0 0.962760 0.475926 0.029687 0.033333
4 0.025781 0.518056 0.013021 0.023148
1 0.055208 0.517130 0.015625 0.015741
1 0.235156 0.518981 0.028646 0.019444
1 0.425000 0.518056 0.061458 0.017593
1 0.585938 0.519444 0.036458 0.020370
1 0.766146 0.517130 0.050000 0.015741
0 0.929427 0.519444 0.029687 0.033333
0 0.962760 0.519444 0.029687 0.033333
4 0.025781 0.561574 0.013021 0.023148
1 0.055208 0.560648 0.015625 0.015741
1 0.226042 0.560648 0.010417 0.015741
1 0.408854 0.561111 0.029167 0.016667
1 0.595052 0.560648 0.054688 0.015741
1 0.766146 0.560648 0.050000 0.015741
0 0.929427 0.562963 0.029687 0.033333
0 0.962760 0.562963 0.029687 0.033333
4 0.025781 0.605093 0.013021 0.023148
1 0.055208 0.604167 0.015625 0.015741
1 0.232292 0.605556 0.022917 0.018519
1 0.413281 0.604630 0.038021 0.016667
1 0.596875 0.604167 0.058333 0.015741
1 0.766146 0.604167 0.050000 0.015741
0 0.929427 0.606481 0.029687 0.033333
0 0.962760 0.606481 0.029687 0.033333
4 0.025781 0.648611 0.013021 0.023148
1 0.055208 0.647685 0.015625 0.015741
1 0.232292 0.649074 0.022917 0.018519
1 0.418229 0.650000 0.047917 0.020370
1 0.596875 0.647685 0.058333 0.015741
1 0.766146 0.647685 0.050000 0.015741
0 0.929427 0.650000 0.029687 0.033333
0 0.962760 0.650000 0.029687 0.033333
4 0.025781 0.692130 0.013021 0.023148
1 0.055208 0.691204 0.015625 0.015741
1 0.232292 0.692593 0.022917 0.018519
1 0.408854 0.691667 0.029167 0.016667
1 0.598437 0.692130 0.061458 0.017593
1 0.766146 0.691204 0.050000 0.015741
0 0.929427 0.693519 0.029687 0.033333
0 0.962760 0.693519 0.029687 0.033333
1 0.059115 0.742593 0.090104 0.020370
0 0.965885 0.743981 0.040104 0.036111
0 0.933073 0.743981 0.018229 0.036111
0 0.911198 0.743981 0.018229 0.036111
0 0.878385 0.743981 0.040104 0.036111