1 0.086198 0.040741 0.144271 0.031481
0 0.951562 0.045370 0.068750 0.046296
0 0.871354 0.045370 0.077083 0.046296
3 0.143750 0.106481 0.259375 0.046296
1 0.028906 0.168519 0.019271 0.018519
1 0.345573 0.170833 0.054688 0.023148
1 0.635156 0.168519 0.035937 0.018519
1 0.934115 0.168519 0.035937 0.018519
1 0.027083 0.212500 0.015625 0.015741
1 0.345573 0.212500 0.054688 0.015741
1 0.642188 0.212500 0.050000 0.015741
0 0.929427 0.214815 0.029687 0.033333
0 0.962760 0.214815 0.029687 0.033333
1 0.027083 0.256019 0.015625 0.015741
1 0.341927 0.256481 0.047396 0.016667
1 0.628125 0.256019 0.021875 0.015741
0 0.929427 0.258333 0.029687 0.033333
0 0.962760 0.258333 0.029687 0.033333
1 0.027083 0.299537 0.015625 0.015741
1 0.351823 0.300926 0.067187 0.018519
1 0.647917 0.300463 0.061458 0.017593
0 0.929427 0.301852 0.029687 0.033333
0 0.962760 0.301852 0.029687 0.033333
1 0.027083 0.343056 0.015625 0.015741
1 0.335938 0.343519 0.035417 0.016667
1 0.635417 0.345370 0.036458 0.020370
0 0.929427 0.345370 0.029687 0.033333
0 0.962760 0.345370 0.029687 0.033333
1 0.027083 0.386574 0.015625 0.015741
1 0.342187 0.388889 0.047917 0.020370
1 0.631771 0.387037 0.029167 0.016667
0 0.929427 0.388889 0.029687 0.033333
0 0.962760 0.388889 0.029687 0.033333
1 0.027083 0.430093 0.015625 0.015741
1 0.347396 0.430093 0.058333 0.015741
1 0.641146 0.432407 0.047917 0.020370
0 0.929427 0.432407 0.029687 0.033333
0 0.962760 0.432407 0.029687 0.033333
1 0.027083 0.473611 0.015625 0.015741
1 0.342448 0.475463 0.048438 0.019444
1 0.634115 0.474074 0.033854 0.016667
0 0.929427 0.475926 0.029687 0.033333
0 0.962760 0.475926 0.029687 0.033333
1 0.027083 0.517130 0.015625 0.015741
1 0.358594 0.519444 0.080729 0.020370
1 0.641406 0.518981 0.048438 0.019444
0 0.929427 0.519444 0.029687 0.033333
0 0.962760 0.519444 0.029687 0.033333
1 0.027083 0.560648 0.015625 0.015741
1 0.351823 0.562037 0.067187 0.018519
1 0.641146 0.562963 0.047917 0.020370
0 0.929427 0.562963 0.029687 0.033333
0 0.962760 0.562963 0.029687 0.033333
1 0.027083 0.604167 0.015625 0.015741
1 0.329167 0.604167 0.021875 0.015741
1 0.630729 0.606481 0.027083 0.020370
0 0.929427 0.606481 0.029687 0.033333
0 0.962760 0.606481 0.029687 0.033333
1 0.027083 0.647685 0.015625 0.015741
1 0.351823 0.649074 0.067187 0.018519
1 0.641146 0.650000 0.047917 0.020370
0 0.929427 0.650000 0.029687 0.033333
0 0.962760 0.650000 0.029687 0.033333
1 0.024479 0.691204 0.010417 0.015741
1 0.351823 0.692593 0.067187 0.018519
1 0.636198 0.691667 0.038021 0.016667
0 0.929427 0.693519 0.029687 0.033333
0 0.962760 0.693519 0.029687 0.033333
1 0.059115 0.742593 0.090104 0.020370
0 0.965885 0.743981 0.040104 0.036111
0 0.933073 0.743981 0.018229 0.036111
0 0.911198 0.743981 0.018229 0.036111
0 0.878385 0.743981 0.040104 0.036111