1 0.086198 0.040741 0.144271 0.031481
0 0.951562 0.045370 0.068750 0.046296
0 0.871354 0.045370 0.077083 0.046296
3 0.142969 0.106481 0.257812 0.046296
4 0.025781 0.168056 0.013021 0.023148
1 0.057031 0.168519 0.019271 0.018519
1 0.235417 0.168056 0.029167 0.017593
1 0.411458 0.170833 0.034375 0.023148
1 0.595052 0.170833 0.054688 0.023148
1 0.759115 0.168519 0.035937 0.018519
1 0.934115 0.168519 0.035937 0.018519
4 0.025781 0.213426 0.013021 0.023148
1 0.055208 0.212500 0.015625 0.015741
1 0.254427 0.213889 0.067187 0.018519
1 0.427604 0.212500 0.066667 0.015741
1 0.586719 0.212963 0.038021 0.016667
1 0.759375 0.214815 0.036458 0.020370
0 0.929427 0.214815 0.029687 0.033333
0 0.962760 0.214815 0.029687 0.033333
4 0.025781 0.256944 0.013021 0.023148
1 0.055208 0.256019 0.015625 0.015741
1 0.241667 0.256481 0.041667 0.016667
1 0.407813 0.258333 0.027083 0.020370
1 0.588542 0.256481 0.041667 0.016667
1 0.760156 0.258333 0.038021 0.020370
0 0.929427 0.258333 0.029687 0.033333
0 0.962760 0.258333 0.029687 0.033333
4 0.025781 0.300463 0.013021 0.023148
1 0.055208 0.299537 0.015625 0.015741
1 0.245052 0.301389 0.048438 0.019444
1 0.411979 0.300000 0.035417 0.016667
1 0.581250 0.301852 0.027083 0.020370
1 0.774740 0.300926 0.067187 0.018519
0 0.929427 0.301852 0.029687 0.033333
0 0.962760 0.301852 0.029687 0.033333
4 0.025781 0.343981 0.013021 0.023148
1 0.055208 0.343056 0.015625 0.015741
1 0.250000 0.343056 0.058333 0.015741
1 0.425000 0.343981 0.061458 0.017593
1 0.582292 0.343519 0.029167 0.016667
1 0.766146 0.343056 0.050000 0.015741
0 0.929427 0.345370 0.029687 0.033333
0 0.962760 0.345370 0.029687 0.033333
4 0.025781 0.387500 0.013021 0.023148
1 0.055208 0.386574 0.015625 0.015741
1 0.235417 0.387037 0.029167 0.016667
1 0.407552 0.387037 0.026562 0.016667
1 0.588281 0.387037 0.041146 0.016667
1 0.759375 0.388889 0.036458 0.020370
0 0.929427 0.388889 0.029687 0.033333
0 0.962760 0.388889 0.029687 0.033333
1 0.053906 0.437963 0.079687 0.020370
0 0.965885 0.439352 0.040104 0.036111
0 0.933073 0.439352 0.018229 0.036111
0 0.911198 0.439352 0.018229 0.036111
0 0.878385 0.439352 0.040104 0.036111