1 0.086198 0.040741 0.144271 0.031481
0 0.951562 0.045370 0.068750 0.046296
0 0.871354 0.045370 0.077083 0.046296
3 0.148438 0.106481 0.268750 0.046296
1 0.024740 0.168056 0.010937 0.017593
1 0.190885 0.168519 0.019271 0.018519
1 0.354687 0.170370 0.022917 0.022222
1 0.526823 0.168519 0.043229 0.018519
1 0.681771 0.168056 0.029167 0.017593
1 0.846354 0.170833 0.034375 0.023148
1 0.024479 0.212500 0.010417 0.015741
1 0.214844 0.213889 0.067187 0.018519
1 0.361458 0.214815 0.036458 0.020370
1 0.538802 0.213889 0.067187 0.018519
1 0.681771 0.212963 0.029167 0.016667
1 0.842187 0.212500 0.026042 0.015741
1 0.027083 0.256019 0.015625 0.015741
1 0.194271 0.256019 0.026042 0.015741
1 0.356510 0.256481 0.026562 0.016667
1 0.523698 0.258333 0.036979 0.020370
1 0.696354 0.256019 0.058333 0.015741
1 0.848177 0.258333 0.038021 0.020370
1 0.027083 0.299537 0.015625 0.015741
1 0.210938 0.300000 0.059375 0.016667
1 0.360156 0.300000 0.033854 0.016667
1 0.526042 0.300000 0.041667 0.016667
1 0.680990 0.300000 0.027604 0.016667
1 0.869531 0.301852 0.080729 0.020370
1 0.027083 0.343056 0.015625 0.015741
1 0.196094 0.343519 0.029687 0.016667
1 0.356250 0.343519 0.026042 0.016667
1 0.523438 0.345370 0.036458 0.020370
1 0.691406 0.344907 0.048438 0.019444
1 0.852865 0.343519 0.047396 0.016667
1 0.027083 0.386574 0.015625 0.015741
1 0.195052 0.387037 0.027604 0.016667
1 0.370573 0.386574 0.054688 0.015741
1 0.529167 0.388889 0.047917 0.020370
1 0.685417 0.388889 0.036458 0.020370
1 0.858333 0.386574 0.058333 0.015741
1 0.027083 0.430093 0.015625 0.015741
1 0.211979 0.431019 0.061458 0.017593
1 0.367448 0.431944 0.048438 0.019444
1 0.525781 0.430556 0.041146 0.016667
1 0.688021 0.430556 0.041667 0.016667
1 0.847396 0.432407 0.036458 0.020370
1 0.056510 0.481481 0.084896 0.020370
0 0.965885 0.482870 0.040104 0.036111
0 0.933073 0.482870 0.018229 0.036111
0 0.911198 0.482870 0.018229 0.036111
0 0.878385 0.482870 0.040104 0.036111