1 0.086198 0.040741 0.144271 0.031481
0 0.951562 0.045370 0.068750 0.046296
0 0.871354 0.045370 0.077083 0.046296
3 0.152604 0.106481 0.277083 0.046296
1 0.024740 0.168056 0.010937 0.017593
1 0.289323 0.170833 0.054688 0.023148
1 0.516146 0.168056 0.022917 0.017593
1 0.764583 0.170833 0.034375 0.023148
1 0.027083 0.212500 0.015625 0.015741
1 0.275000 0.212500 0.026042 0.015741
1 0.529687 0.212500 0.050000 0.015741
1 0.772396 0.212500 0.050000 0.015741
1 0.024479 0.256019 0.010417 0.015741
1 0.280469 0.258333 0.036979 0.020370
1 0.529687 0.256019 0.050000 0.015741
1 0.774740 0.256019 0.054688 0.015741
1 0.027083 0.299537 0.015625 0.015741
1 0.295573 0.300926 0.067187 0.018519
1 0.529687 0.299537 0.050000 0.015741
1 0.765104 0.300000 0.035417 0.016667
1 0.027083 0.343056 0.015625 0.015741
1 0.285938 0.345370 0.047917 0.020370
1 0.529687 0.343056 0.050000 0.015741
1 0.771354 0.345370 0.047917 0.020370
1 0.027083 0.386574 0.015625 0.015741
1 0.272917 0.386574 0.021875 0.015741
1 0.529687 0.386574 0.050000 0.015741
1 0.766406 0.388889 0.038021 0.020370
1 0.027083 0.430093 0.015625 0.015741
1 0.302344 0.432407 0.080729 0.020370
1 0.529687 0.430093 0.050000 0.015741
1 0.760417 0.430093 0.026042 0.015741
1 0.027083 0.473611 0.015625 0.015741
1 0.279687 0.474074 0.035417 0.016667
1 0.529687 0.473611 0.050000 0.015741
1 0.768750 0.474074 0.042708 0.016667
1 0.027083 0.517130 0.015625 0.015741
1 0.302344 0.519444 0.080729 0.020370
1 0.529687 0.517130 0.050000 0.015741
1 0.780990 0.518519 0.067187 0.018519
1 0.053906 0.568519 0.079687 0.020370
0 0.965885 0.569907 0.040104 0.036111
0 0.933073 0.569907 0.018229 0.036111
0 0.911198 0.569907 0.018229 0.036111
0 0.878385 0.569907 0.040104 0.036111