1 0.086198 0.040741 0.144271 0.031481
0 0.951562 0.045370 0.068750 0.046296
0 0.871354 0.045370 0.077083 0.046296
3 0.112240 0.106481 0.196354 0.046296
4 0.025781 0.168056 0.013021 0.023148
1 0.063542 0.168056 0.032292 0.017593
1 0.235417 0.168056 0.029167 0.017593
1 0.408854 0.168056 0.029167 0.017593
1 0.595052 0.170833 0.054688 0.023148
1 0.750781 0.168519 0.019271 0.018519
1 0.934115 0.168519 0.035937 0.018519
4 0.025781 0.213426 0.013021 0.023148
1 0.055208 0.212500 0.015625 0.015741
1 0.230208 0.212500 0.018750 0.015741
1 0.419271 0.212500 0.050000 0.015741
1 0.591406 0.212963 0.047396 0.016667
1 0.755990 0.212963 0.029687 0.016667
0 0.929427 0.214815 0.029687 0.033333
0 0.962760 0.214815 0.029687 0.033333
4 0.025781 0.256944 0.013021 0.023148
1 0.055208 0.256019 0.015625 0.015741
1 0.232813 0.256019 0.023958 0.015741
1 0.408854 0.256481 0.029167 0.016667
1 0.601042 0.256019 0.066667 0.015741
1 0.759635 0.258333 0.036979 0.020370
0 0.929427 0.258333 0.029687 0.033333
0 0.962760 0.258333 0.029687 0.033333
4 0.025781 0.300463 0.013021 0.023148
1 0.055208 0.299537 0.015625 0.015741
1 0.236198 0.299537 0.030729 0.015741
1 0.407552 0.300000 0.026562 0.016667
1 0.586719 0.300000 0.038021 0.016667
1 0.762500 0.300000 0.042708 0.016667
0 0.929427 0.301852 0.029687 0.033333
0 0.962760 0.301852 0.029687 0.033333
4 0.025781 0.343981 0.013021 0.023148
1 0.055208 0.343056 0.015625 0.015741
1 0.230208 0.343056 0.018750 0.015741
1 0.412760 0.345370 0.036979 0.020370
1 0.608073 0.345370 0.080729 0.020370
1 0.754948 0.343519 0.027604 0.016667
0 0.929427 0.345370 0.029687 0.033333
0 0.962760 0.345370 0.029687 0.033333
4 0.025781 0.387500 0.013021 0.023148
1 0.055208 0.386574 0.015625 0.015741
1 0.228646 0.386574 0.015625 0.015741
1 0.411198 0.387037 0.033854 0.016667
1 0.591406 0.387037 0.047396 0.016667
1 0.760156 0.388889 0.038021 0.020370
0 0.929427 0.388889 0.029687 0.033333
0 0.962760 0.388889 0.029687 0.033333
4 0.025781 0.431019 0.013021 0.023148
1 0.055208 0.430093 0.015625 0.015741
1 0.230208 0.430093 0.018750 0.015741
1 0.413281 0.430556 0.038021 0.016667
1 0.582552 0.430556 0.029687 0.016667
1 0.760156 0.430556 0.038021 0.016667
0 0.929427 0.432407 0.029687 0.033333
0 0.962760 0.432407 0.029687 0.033333
4 0.025781 0.474537 0.013021 0.023148
1 0.055208 0.473611 0.015625 0.015741
1 0.232292 0.475000 0.022917 0.018519
1 0.418229 0.475926 0.047917 0.020370
1 0.592708 0.473611 0.050000 0.015741
1 0.765365 0.475463 0.048438 0.019444
0 0.929427 0.475926 0.029687 0.033333
0 0.962760 0.475926 0.029687 0.033333
4 0.025781 0.518056 0.013021 0.023148
1 0.055208 0.517130 0.015625 0.015741
1 0.235156 0.518981 0.028646 0.019444
1 0.415104 0.517593 0.041667 0.016667
1 0.608073 0.519444 0.080729 0.020370
1 0.755990 0.517593 0.029687 0.016667
0 0.929427 0.519444 0.029687 0.033333
0 0.962760 0.519444 0.029687 0.033333
4 0.025781 0.561574 0.013021 0.023148
1 0.055208 0.560648 0.015625 0.015741
1 0.233854 0.560648 0.026042 0.015741
1 0.412500 0.562963 0.036458 0.020370
1 0.585938 0.562963 0.036458 0.020370
1 0.770833 0.561111 0.059375 0.016667
0 0.929427 0.562963 0.029687 0.033333
0 0.962760 0.562963 0.029687 0.033333
1 0.056510 0.612037 0.084896 0.020370
0 0.965885 0.613426 0.040104 0.036111
0 0.933073 0.613426 0.018229 0.036111
0 0.911198 0.613426 0.018229 0.036111
0 0.878385 0.613426 0.040104 0.036111