1 0.086198 0.040741 0.144271 0.031481
0 0.951562 0.045370 0.068750 0.046296
0 0.871354 0.045370 0.077083 0.046296
3 0.151302 0.106481 0.274479 0.046296
1 0.040885 0.168519 0.043229 0.018519
1 0.280729 0.168519 0.037500 0.018519
1 0.522656 0.168519 0.035937 0.018519
1 0.761979 0.168056 0.029167 0.017593
1 0.027083 0.212500 0.015625 0.015741
1 0.282552 0.212963 0.041146 0.016667
1 0.533854 0.212500 0.058333 0.015741
1 0.760677 0.212963 0.026562 0.016667
1 0.027083 0.256019 0.015625 0.015741
1 0.282552 0.256481 0.041146 0.016667
1 0.517969 0.256481 0.026562 0.016667
1 0.778125 0.256944 0.061458 0.017593
1 0.027083 0.299537 0.015625 0.015741
1 0.291667 0.300000 0.059375 0.016667
1 0.529687 0.299537 0.050000 0.015741
1 0.780990 0.300926 0.067187 0.018519
1 0.027083 0.343056 0.015625 0.015741
1 0.285677 0.343519 0.047396 0.016667
1 0.534375 0.343519 0.059375 0.016667
1 0.766406 0.343519 0.038021 0.016667
1 0.024479 0.386574 0.010417 0.015741
1 0.280990 0.388889 0.038021 0.020370
1 0.545052 0.388889 0.080729 0.020370
1 0.765625 0.388889 0.036458 0.020370
1 0.027083 0.430093 0.015625 0.015741
1 0.278906 0.430556 0.033854 0.016667
1 0.538281 0.431481 0.067187 0.018519
1 0.765104 0.430556 0.035417 0.016667
1 0.027083 0.473611 0.015625 0.015741
1 0.286979 0.473611 0.050000 0.015741
1 0.523177 0.475926 0.036979 0.020370
1 0.760417 0.474074 0.026042 0.016667
1 0.027083 0.517130 0.015625 0.015741
1 0.278906 0.517593 0.033854 0.016667
1 0.522396 0.517593 0.035417 0.016667
1 0.771094 0.517593 0.047396 0.016667
1 0.027083 0.560648 0.015625 0.015741
1 0.295573 0.562037 0.067187 0.018519
1 0.517708 0.561111 0.026042 0.016667
1 0.761198 0.561111 0.027604 0.016667
1 0.027083 0.604167 0.015625 0.015741
1 0.285938 0.606481 0.047917 0.020370
1 0.517708 0.604630 0.026042 0.016667
1 0.768229 0.604630 0.041667 0.016667
1 0.059115 0.655556 0.090104 0.020370
0 0.965885 0.656944 0.040104 0.036111
0 0.933073 0.656944 0.018229 0.036111
0 0.911198 0.656944 0.018229 0.036111
0 0.878385 0.656944 0.040104 0.036111