1 0.086198 0.040741 0.144271 0.031481
0 0.951562 0.045370 0.068750 0.046296
0 0.871354 0.045370 0.077083 0.046296
3 0.131510 0.106481 0.234896 0.046296
4 0.025781 0.168056 0.013021 0.023148
1 0.058854 0.168056 0.022917 0.017593
1 0.371615 0.168519 0.019271 0.018519
1 0.698438 0.170370 0.043750 0.022222
4 0.025781 0.213426 0.013021 0.023148
1 0.055208 0.212500 0.015625 0.015741
1 0.376563 0.212963 0.029167 0.016667
1 0.694792 0.214815 0.036458 0.020370
4 0.025781 0.256944 0.013021 0.023148
1 0.055208 0.256019 0.015625 0.015741
1 0.395573 0.257407 0.067187 0.018519
1 0.687500 0.256019 0.021875 0.015741
4 0.025781 0.300463 0.013021 0.023148
1 0.055208 0.299537 0.015625 0.015741
1 0.380990 0.301852 0.038021 0.020370
1 0.695573 0.300000 0.038021 0.016667
4 0.025781 0.343981 0.013021 0.023148
1 0.055208 0.343056 0.015625 0.015741
1 0.382552 0.343519 0.041146 0.016667
1 0.710156 0.344444 0.067187 0.018519
4 0.025781 0.387500 0.013021 0.023148
1 0.055208 0.386574 0.015625 0.015741
1 0.379688 0.387037 0.035417 0.016667
1 0.687500 0.386574 0.021875 0.015741
4 0.025781 0.431019 0.013021 0.023148
1 0.055208 0.430093 0.015625 0.015741
1 0.386979 0.430093 0.050000 0.015741
1 0.705729 0.430093 0.058333 0.015741
4 0.025781 0.474537 0.013021 0.023148
1 0.055208 0.473611 0.015625 0.015741
1 0.376563 0.474074 0.029167 0.016667
1 0.700521 0.475926 0.047917 0.020370
4 0.025781 0.518056 0.013021 0.023148
1 0.055208 0.517130 0.015625 0.015741
1 0.391146 0.517130 0.058333 0.015741
1 0.695573 0.517593 0.038021 0.016667
4 0.025781 0.561574 0.013021 0.023148
1 0.055208 0.560648 0.015625 0.015741
1 0.375000 0.560648 0.026042 0.015741
1 0.691406 0.561111 0.029687 0.016667
1 0.056510 0.612037 0.084896 0.020370
0 0.965885 0.613426 0.040104 0.036111
0 0.933073 0.613426 0.018229 0.036111
0 0.911198 0.613426 0.018229 0.036111
0 0.878385 0.613426 0.040104 0.036111