1 0.086198 0.040741 0.144271 0.031481
0 0.951562 0.045370 0.068750 0.046296
0 0.871354 0.045370 0.077083 0.046296
3 0.112760 0.106481 0.197396 0.046296
1 0.034115 0.168056 0.029687 0.017593
1 0.174219 0.168056 0.010937 0.017593
1 0.338802 0.170370 0.041146 0.022222
1 0.483333 0.168519 0.031250 0.018519
1 0.638802 0.168519 0.043229 0.018519
1 0.781250 0.168056 0.029167 0.017593
1 0.934115 0.168519 0.035937 0.018519
1 0.027083 0.212500 0.015625 0.015741
1 0.187240 0.214815 0.036979 0.020370
1 0.337240 0.212963 0.038021 0.016667
1 0.485938 0.214815 0.036458 0.020370
1 0.646875 0.212963 0.059375 0.016667
1 0.785156 0.214815 0.036979 0.020370
0 0.929427 0.214815 0.029687 0.033333
0 0.962760 0.214815 0.029687 0.033333
1 0.024479 0.256019 0.010417 0.015741
1 0.189323 0.256481 0.041146 0.016667
1 0.329167 0.256019 0.021875 0.015741
1 0.481510 0.256481 0.027604 0.016667
1 0.636198 0.258333 0.038021 0.020370
1 0.785677 0.258333 0.038021 0.020370
0 0.929427 0.258333 0.029687 0.033333
0 0.962760 0.258333 0.029687 0.033333
1 0.027083 0.299537 0.015625 0.015741
1 0.182552 0.300000 0.027604 0.016667
1 0.347396 0.299537 0.058333 0.015741
1 0.481250 0.301852 0.027083 0.020370
1 0.638542 0.300000 0.042708 0.016667
1 0.781510 0.300000 0.029687 0.016667
0 0.929427 0.301852 0.029687 0.033333
0 0.962760 0.301852 0.029687 0.033333
1 0.024479 0.343056 0.010417 0.015741
1 0.193750 0.343056 0.050000 0.015741
1 0.331510 0.343519 0.026562 0.016667
1 0.486719 0.345370 0.038021 0.020370
1 0.636198 0.345370 0.038021 0.020370
1 0.790365 0.343519 0.047396 0.016667
0 0.929427 0.345370 0.029687 0.033333
0 0.962760 0.345370 0.029687 0.033333
1 0.024479 0.386574 0.010417 0.015741
1 0.182552 0.387037 0.027604 0.016667
1 0.345573 0.386574 0.054688 0.015741
1 0.485938 0.388889 0.036458 0.020370
1 0.646354 0.386574 0.058333 0.015741
1 0.777604 0.386574 0.021875 0.015741
0 0.929427 0.388889 0.029687 0.033333
0 0.962760 0.388889 0.029687 0.033333
1 0.027083 0.430093 0.015625 0.015741
1 0.182552 0.430556 0.027604 0.016667
1 0.336458 0.432407 0.036458 0.020370
1 0.484635 0.430556 0.033854 0.016667
1 0.642188 0.430093 0.050000 0.015741
1 0.787500 0.430556 0.041667 0.016667
0 0.929427 0.432407 0.029687 0.033333
0 0.962760 0.432407 0.029687 0.033333
1 0.027083 0.473611 0.015625 0.015741
1 0.192448 0.474074 0.047396 0.016667
1 0.348958 0.474537 0.061458 0.017593
1 0.501042 0.473611 0.066667 0.015741
1 0.636198 0.474074 0.038021 0.016667
1 0.779687 0.474074 0.026042 0.016667
0 0.929427 0.475926 0.029687 0.033333
0 0.962760 0.475926 0.029687 0.033333
1 0.027083 0.517130 0.015625 0.015741
1 0.179688 0.517130 0.021875 0.015741
1 0.335938 0.517593 0.035417 0.016667
1 0.481250 0.519444 0.027083 0.020370
1 0.657552 0.519444 0.080729 0.020370
1 0.780208 0.519444 0.027083 0.020370
0 0.929427 0.519444 0.029687 0.033333
0 0.962760 0.519444 0.029687 0.033333
1 0.027083 0.560648 0.015625 0.015741
1 0.198437 0.561111 0.059375 0.016667
1 0.336458 0.562963 0.036458 0.020370
1 0.486719 0.562963 0.038021 0.020370
1 0.647917 0.561574 0.061458 0.017593
1 0.779687 0.561111 0.026042 0.016667
0 0.929427 0.562963 0.029687 0.033333
0 0.962760 0.562963 0.029687 0.033333
1 0.027083 0.604167 0.015625 0.015741
1 0.181771 0.604167 0.026042 0.015741
1 0.351562 0.604167 0.066667 0.015741
1 0.485938 0.606481 0.036458 0.020370
1 0.635417 0.606481 0.036458 0.020370
1 0.807031 0.606481 0.080729 0.020370
0 0.929427 0.606481 0.029687 0.033333
0 0.962760 0.606481 0.029687 0.033333
1 0.027083 0.647685 0.015625 0.015741
1 0.192708 0.650000 0.047917 0.020370
1 0.342448 0.649537 0.048438 0.019444
1 0.482552 0.648148 0.029687 0.016667
1 0.647917 0.648611 0.061458 0.017593
1 0.784896 0.650000 0.036458 0.020370
0 0.929427 0.650000 0.029687 0.033333
0 0.962760 0.650000 0.029687 0.033333
1 0.027083 0.691204 0.015625 0.015741
1 0.189583 0.691667 0.041667 0.016667
1 0.342187 0.693519 0.047917 0.020370
1 0.488542 0.691667 0.041667 0.016667
1 0.646875 0.691667 0.059375 0.016667
1 0.780469 0.691667 0.027604 0.016667
0 0.929427 0.693519 0.029687 0.033333
0 0.962760 0.693519 0.029687 0.033333
1 0.059115 0.742593 0.090104 0.020370
0 0.965885 0.743981 0.040104 0.036111
0 0.933073 0.743981 0.018229 0.036111
0 0.911198 0.743981 0.018229 0.036111
0 0.878385 0.743981 0.040104 0.036111