1 0.086198 0.040741 0.144271 0.031481
0 0.951562 0.045370 0.068750 0.046296
0 0.871354 0.045370 0.077083 0.046296
3 0.117448 0.106481 0.206771 0.046296
4 0.025781 0.168056 0.013021 0.023148
1 0.061979 0.168056 0.029167 0.017593
1 0.239583 0.168519 0.037500 0.018519
1 0.412240 0.168519 0.035937 0.018519
1 0.583333 0.168519 0.031250 0.018519
1 0.758333 0.170833 0.034375 0.023148
1 0.934115 0.168519 0.035937 0.018519
4 0.025781 0.213426 0.013021 0.023148
1 0.055208 0.212500 0.015625 0.015741
1 0.242188 0.212963 0.042708 0.016667
1 0.413281 0.212963 0.038021 0.016667
1 0.585417 0.212963 0.035417 0.016667
1 0.771875 0.213426 0.061458 0.017593
0 0.929427 0.214815 0.029687 0.033333
0 0.962760 0.214815 0.029687 0.033333
4 0.025781 0.256944 0.013021 0.023148
1 0.055208 0.256019 0.015625 0.015741
1 0.241406 0.256481 0.041146 0.016667
1 0.407292 0.256019 0.026042 0.015741
1 0.601042 0.256019 0.066667 0.015741
1 0.752083 0.256019 0.021875 0.015741
0 0.929427 0.258333 0.029687 0.033333
0 0.962760 0.258333 0.029687 0.033333
4 0.025781 0.300463 0.013021 0.023148
1 0.055208 0.299537 0.015625 0.015741
1 0.245052 0.301389 0.048438 0.019444
1 0.421615 0.299537 0.054688 0.015741
1 0.582552 0.300000 0.029687 0.016667
1 0.764844 0.300000 0.047396 0.016667
0 0.929427 0.301852 0.029687 0.033333
0 0.962760 0.301852 0.029687 0.033333
4 0.025781 0.343981 0.013021 0.023148
1 0.055208 0.343056 0.015625 0.015741
1 0.239323 0.345370 0.036979 0.020370
1 0.408854 0.343519 0.029167 0.016667
1 0.595052 0.343056 0.054688 0.015741
1 0.759375 0.345370 0.036458 0.020370
0 0.929427 0.345370 0.029687 0.033333
0 0.962760 0.345370 0.029687 0.033333
4 0.025781 0.387500 0.013021 0.023148
1 0.055208 0.386574 0.015625 0.015741
1 0.241406 0.387037 0.041146 0.016667
1 0.405208 0.386574 0.021875 0.015741
1 0.595052 0.386574 0.054688 0.015741
1 0.765365 0.388426 0.048438 0.019444
0 0.929427 0.388889 0.029687 0.033333
0 0.962760 0.388889 0.029687 0.033333
1 0.056510 0.437963 0.084896 0.020370
0 0.965885 0.439352 0.040104 0.036111
0 0.933073 0.439352 0.018229 0.036111
0 0.911198 0.439352 0.018229 0.036111
0 0.878385 0.439352 0.040104 0.036111