1 0.086198 0.040741 0.144271 0.031481
0 0.951562 0.045370 0.068750 0.046296
0 0.871354 0.045370 0.077083 0.046296
3 0.112760 0.106481 0.197396 0.046296
1 0.036458 0.170833 0.034375 0.023148
1 0.264844 0.168519 0.043229 0.018519
1 0.483333 0.168056 0.032292 0.017593
1 0.713021 0.170370 0.043750 0.022222
1 0.934115 0.168519 0.035937 0.018519
1 0.027083 0.212500 0.015625 0.015741
1 0.268229 0.212500 0.050000 0.015741
1 0.496354 0.212500 0.058333 0.015741
1 0.709375 0.214815 0.036458 0.020370
0 0.929427 0.214815 0.029687 0.033333
0 0.962760 0.214815 0.029687 0.033333
1 0.027083 0.256019 0.015625 0.015741
1 0.264062 0.256481 0.041667 0.016667
1 0.486198 0.256481 0.038021 0.016667
1 0.708073 0.256481 0.033854 0.016667
0 0.929427 0.258333 0.029687 0.033333
0 0.962760 0.258333 0.029687 0.033333
1 0.027083 0.299537 0.015625 0.015741
1 0.256250 0.300000 0.026042 0.016667
1 0.497917 0.300463 0.061458 0.017593
1 0.709635 0.301852 0.036979 0.020370
0 0.929427 0.301852 0.029687 0.033333
0 0.962760 0.301852 0.029687 0.033333
1 0.027083 0.343056 0.015625 0.015741
1 0.267188 0.345370 0.047917 0.020370
1 0.485417 0.345370 0.036458 0.020370
1 0.704948 0.343519 0.027604 0.016667
0 0.929427 0.345370 0.029687 0.033333
0 0.962760 0.345370 0.029687 0.033333
1 0.024479 0.386574 0.010417 0.015741
1 0.273958 0.387500 0.061458 0.017593
1 0.484115 0.387037 0.033854 0.016667
1 0.731510 0.388889 0.080729 0.020370
0 0.929427 0.388889 0.029687 0.033333
0 0.962760 0.388889 0.029687 0.033333
1 0.027083 0.430093 0.015625 0.015741
1 0.262240 0.430556 0.038021 0.016667
1 0.485417 0.432407 0.036458 0.020370
1 0.711719 0.430556 0.041146 0.016667
0 0.929427 0.432407 0.029687 0.033333
0 0.962760 0.432407 0.029687 0.033333
1 0.027083 0.473611 0.015625 0.015741
1 0.261458 0.475926 0.036458 0.020370
1 0.482031 0.474074 0.029687 0.016667
1 0.721875 0.474537 0.061458 0.017593
0 0.929427 0.475926 0.029687 0.033333
0 0.962760 0.475926 0.029687 0.033333
1 0.056510 0.525000 0.084896 0.020370
0 0.965885 0.526389 0.040104 0.036111
0 0.933073 0.526389 0.018229 0.036111
0 0.911198 0.526389 0.018229 0.036111
0 0.878385 0.526389 0.040104 0.036111