1 0.086198 0.040741 0.144271 0.031481
0 0.951562 0.045370 0.068750 0.046296
0 0.871354 0.045370 0.077083 0.046296
3 0.129948 0.106481 0.231771 0.046296
1 0.037240 0.168519 0.035937 0.018519
1 0.358073 0.168056 0.029687 0.017593
1 0.688802 0.168519 0.043229 0.018519
1 0.027083 0.212500 0.015625 0.015741
1 0.361458 0.214815 0.036458 0.020370
1 0.680469 0.212963 0.026562 0.016667
1 0.027083 0.256019 0.015625 0.015741
1 0.360156 0.256481 0.033854 0.016667
1 0.691406 0.257870 0.048438 0.019444
1 0.027083 0.299537 0.015625 0.015741
1 0.360156 0.300000 0.033854 0.016667
1 0.680469 0.300000 0.026562 0.016667
1 0.027083 0.343056 0.015625 0.015741
1 0.356510 0.343519 0.026562 0.016667
1 0.686198 0.343519 0.038021 0.016667
1 0.027083 0.386574 0.015625 0.015741
1 0.356510 0.387037 0.026562 0.016667
1 0.678125 0.386574 0.021875 0.015741
1 0.027083 0.430093 0.015625 0.015741
1 0.361719 0.432407 0.036979 0.020370
1 0.694531 0.430093 0.054688 0.015741
1 0.027083 0.473611 0.015625 0.015741
1 0.360938 0.474074 0.035417 0.016667
1 0.684896 0.474074 0.035417 0.016667
1 0.027083 0.517130 0.015625 0.015741
1 0.356250 0.517593 0.026042 0.016667
1 0.685677 0.519444 0.036979 0.020370
1 0.024479 0.560648 0.010417 0.015741
1 0.361719 0.562963 0.036979 0.020370
1 0.684115 0.561111 0.033854 0.016667
1 0.024479 0.604167 0.010417 0.015741
1 0.367188 0.606481 0.047917 0.020370
1 0.682031 0.604630 0.029687 0.016667
1 0.056510 0.655556 0.084896 0.020370
0 0.965885 0.656944 0.040104 0.036111
0 0.933073 0.656944 0.018229 0.036111
0 0.911198 0.656944 0.018229 0.036111
0 0.878385 0.656944 0.040104 0.036111