1 0.086198 0.040741 0.144271 0.031481
0 0.951562 0.045370 0.068750 0.046296
0 0.871354 0.045370 0.077083 0.046296
3 0.127604 0.106481 0.227083 0.046296
4 0.025781 0.168056 0.013021 0.023148
1 0.066146 0.168519 0.037500 0.018519
1 0.235417 0.168056 0.029167 0.017593
1 0.409896 0.168519 0.031250 0.018519
1 0.588281 0.170370 0.041146 0.022222
1 0.763021 0.170370 0.043750 0.022222
1 0.934115 0.168519 0.035937 0.018519
4 0.025781 0.213426 0.013021 0.023148
1 0.052604 0.212500 0.010417 0.015741
1 0.236198 0.212500 0.030729 0.015741
1 0.407813 0.214815 0.027083 0.020370
1 0.586719 0.214815 0.038021 0.020370
1 0.754167 0.212500 0.026042 0.015741
0 0.929427 0.214815 0.029687 0.033333
0 0.962760 0.214815 0.029687 0.033333
4 0.025781 0.256944 0.013021 0.023148
1 0.055208 0.256019 0.015625 0.015741
1 0.232813 0.256019 0.023958 0.015741
1 0.415104 0.256481 0.041667 0.016667
1 0.591927 0.257870 0.048438 0.019444
1 0.755990 0.256481 0.029687 0.016667
0 0.929427 0.258333 0.029687 0.033333
0 0.962760 0.258333 0.029687 0.033333
4 0.025781 0.300463 0.013021 0.023148
1 0.055208 0.299537 0.015625 0.015741
1 0.226042 0.299537 0.010417 0.015741
1 0.425000 0.300463 0.061458 0.017593
1 0.595052 0.299537 0.054688 0.015741
1 0.762500 0.300000 0.042708 0.016667
0 0.929427 0.301852 0.029687 0.033333
0 0.962760 0.301852 0.029687 0.033333
4 0.025781 0.343981 0.013021 0.023148
1 0.055208 0.343056 0.015625 0.015741
1 0.230208 0.343056 0.018750 0.015741
1 0.414844 0.343519 0.041146 0.016667
1 0.581510 0.343519 0.027604 0.016667
1 0.765365 0.344907 0.048438 0.019444
0 0.929427 0.345370 0.029687 0.033333
0 0.962760 0.345370 0.029687 0.033333
4 0.025781 0.387500 0.013021 0.023148
1 0.055208 0.386574 0.015625 0.015741
1 0.232813 0.386574 0.023958 0.015741
1 0.412760 0.388889 0.036979 0.020370
1 0.580729 0.387037 0.026042 0.016667
1 0.759635 0.388889 0.036979 0.020370
0 0.929427 0.388889 0.029687 0.033333
0 0.962760 0.388889 0.029687 0.033333
4 0.025781 0.431019 0.013021 0.023148
1 0.055208 0.430093 0.015625 0.015741
1 0.234635 0.430093 0.027604 0.015741
1 0.413281 0.432407 0.038021 0.020370
1 0.580729 0.430556 0.026042 0.016667
1 0.770833 0.430556 0.059375 0.016667
0 0.929427 0.432407 0.029687 0.033333
0 0.962760 0.432407 0.029687 0.033333
4 0.025781 0.474537 0.013021 0.023148
1 0.055208 0.473611 0.015625 0.015741
1 0.234635 0.473611 0.027604 0.015741
1 0.417969 0.474074 0.047396 0.016667
1 0.591406 0.474074 0.047396 0.016667
1 0.764844 0.474074 0.047396 0.016667
0 0.929427 0.475926 0.029687 0.033333
0 0.962760 0.475926 0.029687 0.033333
4 0.025781 0.518056 0.013021 0.023148
1 0.052604 0.517130 0.010417 0.015741
1 0.234635 0.517130 0.027604 0.015741
1 0.427865 0.518519 0.067187 0.018519
1 0.591667 0.519444 0.047917 0.020370
1 0.761979 0.517593 0.041667 0.016667
0 0.929427 0.519444 0.029687 0.033333
0 0.962760 0.519444 0.029687 0.033333
4 0.025781 0.561574 0.013021 0.023148
1 0.052604 0.560648 0.010417 0.015741
1 0.233854 0.560648 0.026042 0.015741
1 0.423958 0.561111 0.059375 0.016667
1 0.608073 0.562963 0.080729 0.020370
1 0.760156 0.562963 0.038021 0.020370
0 0.929427 0.562963 0.029687 0.033333
0 0.962760 0.562963 0.029687 0.033333
4 0.025781 0.605093 0.013021 0.023148
1 0.055208 0.604167 0.015625 0.015741
1 0.232813 0.604167 0.023958 0.015741
1 0.434635 0.606481 0.080729 0.020370
1 0.591667 0.606481 0.047917 0.020370
1 0.752083 0.604167 0.021875 0.015741
0 0.929427 0.606481 0.029687 0.033333
0 0.962760 0.606481 0.029687 0.033333
4 0.025781 0.648611 0.013021 0.023148
1 0.052604 0.647685 0.010417 0.015741
1 0.223438 0.647685 0.005208 0.015741
1 0.412500 0.650000 0.036458 0.020370
1 0.585417 0.648148 0.035417 0.016667
1 0.766146 0.647685 0.050000 0.015741
0 0.929427 0.650000 0.029687 0.033333
0 0.962760 0.650000 0.029687 0.033333
4 0.025781 0.692130 0.013021 0.023148
1 0.055208 0.691204 0.015625 0.015741
1 0.235156 0.693056 0.028646 0.019444
1 0.413281 0.691667 0.038021 0.016667
1 0.591406 0.691667 0.047396 0.016667
1 0.754687 0.693519 0.027083 0.020370
0 0.929427 0.693519 0.029687 0.033333
0 0.962760 0.693519 0.029687 0.033333
1 0.056510 0.742593 0.084896 0.020370
0 0.965885 0.743981 0.040104 0.036111
0 0.933073 0.743981 0.018229 0.036111
0 0.911198 0.743981 0.018229 0.036111
0 0.878385 0.743981 0.040104 0.036111