1 0.069792 0.029630 0.117708 0.025926
10 0.087500 0.531481 0.175000 0.937037
1 0.033333 0.099537 0.037500 0.023148
1 0.027083 0.146296 0.025000 0.024074
1 0.029167 0.189815 0.029167 0.018519
1 0.035156 0.238426 0.041146 0.023148
1 0.038281 0.282870 0.047396 0.019444
1 0.030469 0.328704 0.031771 0.018519
1 0.035677 0.377778 0.042188 0.024074
1 0.225000 0.100926 0.053125 0.025926
1 0.210677 0.171759 0.024479 0.017593
3 0.388281 0.217593 0.379688 0.050000
1 0.607552 0.172222 0.021354 0.018519
3 0.786719 0.217593 0.379688 0.050000
1 0.212760 0.271759 0.028646 0.017593
3 0.388281 0.317593 0.379688 0.050000
1 0.624219 0.274537 0.054688 0.023148
3 0.786719 0.317593 0.379688 0.050000
1 0.216146 0.372222 0.035417 0.018519
3 0.388281 0.417593 0.379688 0.050000
1 0.611458 0.371759 0.029167 0.017593
3 0.786719 0.417593 0.379688 0.050000
1 0.224219 0.471759 0.051562 0.017593
3 0.388281 0.517593 0.379688 0.050000
1 0.611719 0.471759 0.029687 0.017593
3 0.786719 0.517593 0.379688 0.050000
1 0.222656 0.571759 0.048438 0.017593
3 0.388281 0.617593 0.379688 0.050000
1 0.609896 0.572222 0.026042 0.018519
3 0.786719 0.617593 0.379688 0.050000
1 0.227344 0.674074 0.057813 0.022222
3 0.388281 0.717593 0.379688 0.050000
1 0.629687 0.672222 0.065625 0.018519
3 0.786719 0.717593 0.379688 0.050000
1 0.223958 0.772222 0.051042 0.018519
3 0.388281 0.817593 0.379688 0.050000
0 0.240625 0.944907 0.084375 0.056481
0 0.334375 0.944907 0.084375 0.056481
0 0.428125 0.944907 0.084375 0.056481