1 0.045312 0.028241 0.068750 0.023148
10 0.090885 0.531481 0.181771 0.937037
1 0.031510 0.097685 0.033854 0.019444
1 0.032292 0.143981 0.035417 0.019444
1 0.048438 0.190278 0.067708 0.019444
1 0.026302 0.236574 0.023438 0.019444
1 0.035156 0.284722 0.041146 0.023148
1 0.028906 0.329167 0.028646 0.019444
1 0.027083 0.377778 0.025000 0.024074
1 0.245573 0.104167 0.080729 0.032407
1 0.226823 0.174537 0.043229 0.023148
3 0.393229 0.217593 0.376042 0.050000
1 0.632812 0.172222 0.065625 0.018519
3 0.788021 0.217593 0.376042 0.050000
1 0.218229 0.272222 0.026042 0.018519
3 0.393229 0.317593 0.376042 0.050000
1 0.626042 0.272222 0.052083 0.018519
3 0.788021 0.317593 0.376042 0.050000
1 0.228385 0.374074 0.046354 0.022222
3 0.393229 0.417593 0.376042 0.050000
1 0.611719 0.372222 0.023438 0.018519
3 0.788021 0.417593 0.376042 0.050000
1 0.222396 0.474537 0.034375 0.023148
3 0.393229 0.517593 0.376042 0.050000
0 0.247396 0.944907 0.084375 0.056481
0 0.341146 0.944907 0.084375 0.056481