1 0.041146 0.028241 0.060417 0.023148
10 0.092188 0.531481 0.184375 0.937037
1 0.033333 0.099537 0.037500 0.023148
1 0.038281 0.143981 0.047396 0.019444
1 0.032292 0.190278 0.035417 0.019444
1 0.036198 0.238889 0.043229 0.024074
1 0.028906 0.282870 0.028646 0.019444
1 0.035677 0.331481 0.042188 0.024074
1 0.026302 0.375463 0.023438 0.019444
1 0.040885 0.423611 0.052604 0.023148
1 0.248177 0.104167 0.080729 0.032407
1 0.229427 0.172222 0.043229 0.018519
3 0.395313 0.217593 0.375000 0.050000
1 0.616927 0.172222 0.030729 0.018519
3 0.789062 0.217593 0.375000 0.050000
1 0.217188 0.274537 0.018750 0.023148
3 0.395313 0.317593 0.375000 0.050000
1 0.630469 0.274074 0.057813 0.022222
3 0.789062 0.317593 0.375000 0.050000
1 0.229427 0.374537 0.043229 0.023148
3 0.395313 0.417593 0.375000 0.050000
1 0.634375 0.372222 0.065625 0.018519
3 0.789062 0.417593 0.375000 0.050000
1 0.222135 0.471759 0.028646 0.017593
3 0.395313 0.517593 0.375000 0.050000
0 0.250000 0.944907 0.084375 0.056481
0 0.343750 0.944907 0.084375 0.056481