1 0.062240 0.031019 0.102604 0.028704
10 0.085156 0.531481 0.170313 0.937037
1 0.027083 0.100000 0.025000 0.024074
1 0.029167 0.143519 0.029167 0.018519
1 0.026302 0.190278 0.023438 0.019444
1 0.036198 0.238889 0.043229 0.024074
1 0.031510 0.282870 0.033854 0.019444
1 0.043750 0.329167 0.058333 0.019444
1 0.035677 0.377778 0.042188 0.024074
1 0.035156 0.423611 0.041146 0.023148
1 0.223698 0.100926 0.059896 0.025926
1 0.221094 0.174537 0.054688 0.023148
3 0.384635 0.217593 0.381771 0.050000
1 0.611458 0.174537 0.034375 0.023148
3 0.785156 0.217593 0.381771 0.050000
1 0.226562 0.272222 0.065625 0.018519
3 0.384635 0.317593 0.381771 0.050000
1 0.603646 0.274537 0.018750 0.023148
3 0.785156 0.317593 0.381771 0.050000
1 0.213021 0.374074 0.038542 0.022222
3 0.384635 0.417593 0.381771 0.050000
1 0.615885 0.374537 0.043229 0.023148
3 0.785156 0.417593 0.381771 0.050000
0 0.235937 0.944907 0.084375 0.056481
0 0.329688 0.944907 0.084375 0.056481