1 0.030990 0.027778 0.040104 0.022222
10 0.085677 0.531481 0.171354 0.937037
1 0.027083 0.100000 0.025000 0.024074
1 0.043750 0.143981 0.058333 0.019444
1 0.032292 0.190278 0.035417 0.019444
1 0.038542 0.238889 0.047917 0.024074
1 0.033333 0.284722 0.037500 0.023148
1 0.038281 0.329167 0.047396 0.019444
1 0.035156 0.377315 0.041146 0.023148
1 0.036458 0.421296 0.043750 0.018519
1 0.029167 0.467593 0.029167 0.018519
1 0.048438 0.514352 0.067708 0.019444
1 0.235156 0.104167 0.080729 0.032407
1 0.212760 0.172222 0.035937 0.018519
3 0.385417 0.217593 0.381250 0.050000
1 0.607031 0.171759 0.024479 0.017593
3 0.785417 0.217593 0.381250 0.050000
1 0.220312 0.272222 0.051042 0.018519
3 0.385417 0.317593 0.381250 0.050000
1 0.619010 0.271759 0.048438 0.017593
3 0.785417 0.317593 0.381250 0.050000
1 0.222135 0.374537 0.054688 0.023148
3 0.385417 0.417593 0.381250 0.050000
1 0.609635 0.371759 0.029687 0.017593
3 0.785417 0.417593 0.381250 0.050000
1 0.204167 0.474537 0.018750 0.023148
3 0.385417 0.517593 0.381250 0.050000
1 0.606250 0.471759 0.022917 0.017593
3 0.785417 0.517593 0.381250 0.050000
1 0.217969 0.574074 0.046354 0.022222
3 0.385417 0.617593 0.381250 0.050000
1 0.627604 0.572222 0.065625 0.018519
3 0.785417 0.617593 0.381250 0.050000
1 0.210156 0.672222 0.030729 0.018519
3 0.385417 0.717593 0.381250 0.050000
0 0.236979 0.944907 0.084375 0.056481
0 0.330729 0.944907 0.084375 0.056481
0 0.424479 0.944907 0.084375 0.056481