1 0.062240 0.031019 0.102604 0.028704
10 0.088542 0.531481 0.177083 0.937037
1 0.026302 0.097685 0.023438 0.019444
1 0.027083 0.146296 0.025000 0.024074
1 0.032292 0.190278 0.035417 0.019444
1 0.040885 0.238426 0.052604 0.023148
1 0.035156 0.284722 0.041146 0.023148
1 0.035677 0.331481 0.042188 0.024074
1 0.031510 0.375463 0.033854 0.019444
1 0.035937 0.423611 0.042708 0.023148
1 0.029167 0.467593 0.029167 0.018519
1 0.227083 0.100926 0.053125 0.025926
1 0.223177 0.172222 0.045312 0.018519
3 0.389844 0.217593 0.378646 0.050000
1 0.612240 0.171759 0.028646 0.017593
3 0.787240 0.217593 0.378646 0.050000
1 0.212240 0.272222 0.023438 0.018519
3 0.389844 0.317593 0.378646 0.050000
1 0.623698 0.271759 0.051562 0.017593
3 0.787240 0.317593 0.378646 0.050000
1 0.215885 0.372222 0.030729 0.018519
3 0.389844 0.417593 0.378646 0.050000
1 0.630729 0.372222 0.065625 0.018519
3 0.787240 0.417593 0.378646 0.050000
1 0.218229 0.472222 0.035417 0.018519
3 0.389844 0.517593 0.378646 0.050000
1 0.612760 0.471759 0.029687 0.017593
3 0.787240 0.517593 0.378646 0.050000
1 0.219792 0.572222 0.038542 0.018519
3 0.389844 0.617593 0.378646 0.050000
1 0.607292 0.574537 0.018750 0.023148
3 0.787240 0.617593 0.378646 0.050000
1 0.229427 0.674074 0.057813 0.022222
3 0.389844 0.717593 0.378646 0.050000
0 0.242708 0.944907 0.084375 0.056481
0 0.336458 0.944907 0.084375 0.056481
0 0.430208 0.944907 0.084375 0.056481