1 0.067708 0.031019 0.113542 0.028704
10 0.078646 0.531481 0.157292 0.937037
1 0.026302 0.097685 0.023438 0.019444
1 0.036458 0.143519 0.043750 0.018519
1 0.031510 0.190278 0.033854 0.019444
1 0.035156 0.238426 0.041146 0.023148
1 0.032292 0.282870 0.035417 0.019444
1 0.035937 0.331019 0.042708 0.023148
1 0.028906 0.375463 0.028646 0.019444
1 0.029167 0.421296 0.029167 0.018519
1 0.035677 0.470370 0.042188 0.024074
1 0.033333 0.516204 0.037500 0.023148
1 0.221094 0.104167 0.080729 0.032407
1 0.198698 0.172222 0.035937 0.018519
3 0.375000 0.217593 0.388542 0.050000
1 0.607292 0.174074 0.038542 0.022222
3 0.782292 0.217593 0.388542 0.050000
1 0.190104 0.274537 0.018750 0.023148
3 0.375000 0.317593 0.388542 0.050000
1 0.614062 0.272222 0.052083 0.018519
3 0.782292 0.317593 0.388542 0.050000
1 0.198437 0.372222 0.035417 0.018519
3 0.375000 0.417593 0.388542 0.050000
1 0.615365 0.374537 0.054688 0.023148
3 0.782292 0.417593 0.388542 0.050000
1 0.192188 0.471759 0.022917 0.017593
3 0.375000 0.517593 0.388542 0.050000
1 0.602604 0.471759 0.029167 0.017593
3 0.782292 0.517593 0.388542 0.050000
0 0.222917 0.944907 0.084375 0.056481
0 0.316667 0.944907 0.084375 0.056481