1 0.066146 0.031019 0.110417 0.028704
10 0.086979 0.531481 0.173958 0.937037
1 0.032292 0.097685 0.035417 0.019444
1 0.038281 0.143981 0.047396 0.019444
1 0.043750 0.190278 0.058333 0.019444
1 0.027083 0.238889 0.025000 0.024074
1 0.030469 0.282407 0.031771 0.018519
1 0.028906 0.329167 0.028646 0.019444
1 0.229427 0.100463 0.064062 0.025000
1 0.230208 0.172222 0.065625 0.018519
3 0.387500 0.217593 0.380208 0.050000
1 0.623698 0.174537 0.054688 0.023148
3 0.786458 0.217593 0.380208 0.050000
1 0.220573 0.274074 0.046354 0.022222
3 0.387500 0.317593 0.380208 0.050000
1 0.615104 0.272222 0.037500 0.018519
3 0.786458 0.317593 0.380208 0.050000
1 0.210417 0.372222 0.026042 0.018519
3 0.387500 0.417593 0.380208 0.050000
1 0.615625 0.374074 0.038542 0.022222
3 0.786458 0.417593 0.380208 0.050000
1 0.211719 0.471759 0.028646 0.017593
3 0.387500 0.517593 0.380208 0.050000
1 0.612500 0.471759 0.032292 0.017593
3 0.786458 0.517593 0.380208 0.050000
1 0.215365 0.572222 0.035937 0.018519
3 0.387500 0.617593 0.380208 0.050000
1 0.611198 0.571759 0.029687 0.017593
3 0.786458 0.617593 0.380208 0.050000
1 0.211979 0.671759 0.029167 0.017593
3 0.387500 0.717593 0.380208 0.050000
1 0.605729 0.674537 0.018750 0.023148
3 0.786458 0.717593 0.380208 0.050000
0 0.239583 0.944907 0.084375 0.056481
0 0.333333 0.944907 0.084375 0.056481