1 0.060156 0.028241 0.098437 0.023148
10 0.077344 0.531481 0.154688 0.937037
1 0.040885 0.099537 0.052604 0.023148
1 0.048438 0.143981 0.067708 0.019444
1 0.036198 0.192593 0.043229 0.024074
1 0.030469 0.236111 0.031771 0.018519
1 0.035677 0.285185 0.042188 0.024074
1 0.028906 0.329167 0.028646 0.019444
1 0.043750 0.375463 0.058333 0.019444
1 0.038542 0.424074 0.047917 0.024074
1 0.204687 0.100926 0.053125 0.025926
1 0.202344 0.171759 0.048438 0.017593
3 0.372917 0.217593 0.389583 0.050000
1 0.603646 0.174537 0.034375 0.023148
3 0.781250 0.217593 0.389583 0.050000
1 0.195833 0.272222 0.035417 0.018519
3 0.372917 0.317593 0.389583 0.050000
1 0.600781 0.271759 0.028646 0.017593
3 0.781250 0.317593 0.389583 0.050000
1 0.203646 0.372222 0.051042 0.018519
3 0.372917 0.417593 0.389583 0.050000
1 0.605729 0.372222 0.038542 0.018519
3 0.781250 0.417593 0.389583 0.050000
1 0.207031 0.474074 0.057813 0.022222
3 0.372917 0.517593 0.389583 0.050000
1 0.613802 0.474537 0.054688 0.023148
3 0.781250 0.517593 0.389583 0.050000
1 0.193490 0.572222 0.030729 0.018519
3 0.372917 0.617593 0.389583 0.050000
1 0.601302 0.571759 0.029687 0.017593
3 0.781250 0.617593 0.389583 0.050000
0 0.220312 0.944907 0.084375 0.056481
0 0.314063 0.944907 0.084375 0.056481
0 0.407813 0.944907 0.084375 0.056481