1 0.063021 0.031019 0.104167 0.028704
10 0.091406 0.531481 0.182812 0.937037
1 0.029167 0.097222 0.029167 0.018519
1 0.048438 0.143981 0.067708 0.019444
1 0.030469 0.189815 0.031771 0.018519
1 0.027083 0.238889 0.025000 0.024074
1 0.032292 0.282870 0.035417 0.019444
1 0.031510 0.329167 0.033854 0.019444
1 0.238281 0.100463 0.064062 0.025000
1 0.227865 0.172222 0.043229 0.018519
3 0.394010 0.217593 0.375521 0.050000
1 0.611979 0.171759 0.022917 0.017593
3 0.788281 0.217593 0.375521 0.050000
1 0.217969 0.272222 0.023438 0.018519
3 0.394010 0.317593 0.375521 0.050000
1 0.626042 0.272222 0.051042 0.018519
3 0.788281 0.317593 0.375521 0.050000
1 0.239063 0.372222 0.065625 0.018519
3 0.394010 0.417593 0.375521 0.050000
1 0.622135 0.374537 0.043229 0.023148
3 0.788281 0.417593 0.375521 0.050000
1 0.220833 0.471759 0.029167 0.017593
3 0.394010 0.517593 0.375521 0.050000
1 0.627865 0.474537 0.054688 0.023148
3 0.788281 0.517593 0.375521 0.050000
0 0.248438 0.944907 0.084375 0.056481
0 0.342187 0.944907 0.084375 0.056481
0 0.435937 0.944907 0.084375 0.056481