1 0.060156 0.028241 0.098437 0.023148
10 0.092188 0.531481 0.184375 0.937037
1 0.038542 0.100000 0.047917 0.024074
1 0.035156 0.145833 0.041146 0.023148
1 0.033333 0.192130 0.037500 0.023148
1 0.031510 0.236574 0.033854 0.019444
1 0.027083 0.285185 0.025000 0.024074
1 0.036458 0.328704 0.043750 0.018519
1 0.262240 0.104167 0.108854 0.032407
1 0.230469 0.172222 0.045312 0.018519
3 0.395313 0.217593 0.375000 0.050000
1 0.619531 0.172222 0.035937 0.018519
3 0.789062 0.217593 0.375000 0.050000
1 0.230990 0.274074 0.046354 0.022222
3 0.395313 0.317593 0.375000 0.050000
1 0.610938 0.274537 0.018750 0.023148
3 0.789062 0.317593 0.375000 0.050000
1 0.222656 0.371759 0.029687 0.017593
3 0.395313 0.417593 0.375000 0.050000
1 0.628906 0.374537 0.054688 0.023148
3 0.789062 0.417593 0.375000 0.050000
1 0.222396 0.471759 0.029167 0.017593
3 0.395313 0.517593 0.375000 0.050000
1 0.625781 0.471759 0.048438 0.017593
3 0.789062 0.517593 0.375000 0.050000
0 0.250000 0.944907 0.084375 0.056481
0 0.343750 0.944907 0.084375 0.056481