1 0.070833 0.030556 0.119792 0.027778
10 0.089063 0.531481 0.178125 0.937037
1 0.029167 0.097222 0.029167 0.018519
1 0.030469 0.143519 0.031771 0.018519
1 0.035937 0.192130 0.042708 0.023148
1 0.028906 0.236574 0.028646 0.019444
1 0.036458 0.282407 0.043750 0.018519
1 0.241927 0.104167 0.080729 0.032407
1 0.213021 0.171759 0.022917 0.017593
3 0.390625 0.217593 0.378125 0.050000
1 0.617708 0.172222 0.038542 0.018519
3 0.787500 0.217593 0.378125 0.050000
1 0.217708 0.271759 0.032292 0.017593
3 0.390625 0.317593 0.378125 0.050000
1 0.617708 0.274074 0.038542 0.022222
3 0.787500 0.317593 0.378125 0.050000
1 0.227344 0.371759 0.051562 0.017593
3 0.390625 0.417593 0.378125 0.050000
1 0.621094 0.372222 0.045312 0.018519
3 0.787500 0.417593 0.378125 0.050000
1 0.214583 0.472222 0.026042 0.018519
3 0.390625 0.517593 0.378125 0.050000
1 0.613802 0.472222 0.030729 0.018519
3 0.787500 0.517593 0.378125 0.050000
1 0.223177 0.574537 0.043229 0.023148
3 0.390625 0.617593 0.378125 0.050000
1 0.610156 0.572222 0.023438 0.018519
3 0.787500 0.617593 0.378125 0.050000
1 0.213802 0.671759 0.024479 0.017593
3 0.390625 0.717593 0.378125 0.050000
1 0.625781 0.674537 0.054688 0.023148
3 0.787500 0.717593 0.378125 0.050000
1 0.215885 0.771759 0.028646 0.017593
3 0.390625 0.817593 0.378125 0.050000
0 0.243750 0.944907 0.084375 0.056481
0 0.337500 0.944907 0.084375 0.056481