1 0.062240 0.031019 0.102604 0.028704
10 0.087500 0.531481 0.175000 0.937037
1 0.032292 0.097685 0.035417 0.019444
1 0.035156 0.145833 0.041146 0.023148
1 0.036198 0.192593 0.043229 0.024074
1 0.036458 0.236111 0.043750 0.018519
1 0.030469 0.282407 0.031771 0.018519
1 0.230469 0.100463 0.064062 0.025000
1 0.225781 0.174537 0.054688 0.023148
3 0.388281 0.217593 0.379688 0.050000
1 0.612240 0.172222 0.030729 0.018519
3 0.786719 0.217593 0.379688 0.050000
1 0.225781 0.274537 0.054688 0.023148
3 0.388281 0.317593 0.379688 0.050000
1 0.621094 0.271759 0.048438 0.017593
3 0.786719 0.317593 0.379688 0.050000
1 0.221094 0.372222 0.045312 0.018519
3 0.388281 0.417593 0.379688 0.050000
1 0.616146 0.374074 0.038542 0.022222
3 0.786719 0.417593 0.379688 0.050000
1 0.217188 0.472222 0.037500 0.018519
3 0.388281 0.517593 0.379688 0.050000
1 0.629687 0.472222 0.065625 0.018519
3 0.786719 0.517593 0.379688 0.050000
1 0.209896 0.571759 0.022917 0.017593
3 0.388281 0.617593 0.379688 0.050000
1 0.625781 0.574074 0.057813 0.022222
3 0.786719 0.617593 0.379688 0.050000
1 0.216146 0.672222 0.035417 0.018519
3 0.388281 0.717593 0.379688 0.050000
1 0.606250 0.674537 0.018750 0.023148
3 0.786719 0.717593 0.379688 0.050000
1 0.215625 0.774537 0.034375 0.023148
3 0.388281 0.817593 0.379688 0.050000
0 0.240625 0.944907 0.084375 0.056481
0 0.334375 0.944907 0.084375 0.056481