1 0.071615 0.031019 0.121354 0.028704
10 0.076823 0.531481 0.153646 0.937037
1 0.032292 0.097685 0.035417 0.019444
1 0.038281 0.143981 0.047396 0.019444
1 0.033333 0.192130 0.037500 0.023148
1 0.035677 0.238889 0.042188 0.024074
1 0.035937 0.284722 0.042708 0.023148
1 0.029167 0.328704 0.029167 0.018519
1 0.040885 0.377315 0.052604 0.023148
1 0.036198 0.424074 0.043229 0.024074
1 0.030469 0.467593 0.031771 0.018519
1 0.207031 0.100926 0.059896 0.025926
1 0.209896 0.172222 0.065625 0.018519
3 0.372135 0.217593 0.390104 0.050000
1 0.611719 0.171759 0.051562 0.017593
3 0.780990 0.217593 0.390104 0.050000
1 0.204427 0.274537 0.054688 0.023148
3 0.372135 0.317593 0.390104 0.050000
1 0.604688 0.272222 0.037500 0.018519
3 0.780990 0.317593 0.390104 0.050000
1 0.195052 0.372222 0.035937 0.018519
3 0.372135 0.417593 0.390104 0.050000
1 0.598177 0.371759 0.024479 0.017593
3 0.780990 0.417593 0.390104 0.050000
0 0.219271 0.944907 0.084375 0.056481
0 0.313021 0.944907 0.084375 0.056481