1 0.069792 0.029630 0.117708 0.025926
10 0.093229 0.531481 0.186458 0.937037
1 0.031510 0.097685 0.033854 0.019444
1 0.040885 0.145833 0.052604 0.023148
1 0.029167 0.189815 0.029167 0.018519
1 0.035156 0.238426 0.041146 0.023148
1 0.030469 0.282407 0.031771 0.018519
1 0.033333 0.331019 0.037500 0.023148
1 0.026302 0.375463 0.023438 0.019444
1 0.028906 0.421759 0.028646 0.019444
1 0.048438 0.468056 0.067708 0.019444
1 0.038281 0.514352 0.047396 0.019444
1 0.236458 0.100926 0.053125 0.025926
1 0.222135 0.171759 0.024479 0.017593
3 0.396875 0.217593 0.373958 0.050000
1 0.628385 0.171759 0.051562 0.017593
3 0.789583 0.217593 0.373958 0.050000
1 0.228646 0.272222 0.037500 0.018519
3 0.396875 0.317593 0.373958 0.050000
1 0.624219 0.272222 0.043229 0.018519
3 0.789583 0.317593 0.373958 0.050000
1 0.237240 0.374537 0.054688 0.023148
3 0.396875 0.417593 0.373958 0.050000
1 0.626823 0.371759 0.048438 0.017593
3 0.789583 0.417593 0.373958 0.050000
1 0.227865 0.472222 0.035937 0.018519
3 0.396875 0.517593 0.373958 0.050000
1 0.617188 0.471759 0.029167 0.017593
3 0.789583 0.517593 0.373958 0.050000
1 0.226042 0.571759 0.032292 0.017593
3 0.396875 0.617593 0.373958 0.050000
1 0.611979 0.574537 0.018750 0.023148
3 0.789583 0.617593 0.373958 0.050000
0 0.252083 0.944907 0.084375 0.056481
0 0.345833 0.944907 0.084375 0.056481