1 0.060156 0.031019 0.098437 0.028704
10 0.075000 0.531481 0.150000 0.937037
1 0.043750 0.097685 0.058333 0.019444
1 0.028906 0.143981 0.028646 0.019444
1 0.035937 0.192130 0.042708 0.023148
1 0.029167 0.236111 0.029167 0.018519
1 0.026302 0.282870 0.023438 0.019444
1 0.040885 0.331019 0.052604 0.023148
1 0.205469 0.100463 0.064062 0.025000
1 0.191146 0.172222 0.035417 0.018519
3 0.369531 0.217593 0.392188 0.050000
1 0.607552 0.174074 0.046354 0.022222
3 0.780469 0.217593 0.392188 0.050000
1 0.187760 0.271759 0.028646 0.017593
3 0.369531 0.317593 0.392188 0.050000
1 0.596615 0.271759 0.024479 0.017593
3 0.780469 0.317593 0.392188 0.050000
1 0.192708 0.372222 0.038542 0.018519
3 0.369531 0.417593 0.392188 0.050000
1 0.597396 0.372222 0.026042 0.018519
3 0.780469 0.417593 0.392188 0.050000
1 0.196094 0.472222 0.045312 0.018519
3 0.369531 0.517593 0.392188 0.050000
1 0.609896 0.472222 0.051042 0.018519
3 0.780469 0.517593 0.392188 0.050000
1 0.188021 0.571759 0.029167 0.017593
3 0.369531 0.617593 0.392188 0.050000
1 0.611719 0.574537 0.054688 0.023148
3 0.780469 0.617593 0.392188 0.050000
0 0.215625 0.944907 0.084375 0.056481
0 0.309375 0.944907 0.084375 0.056481