1 0.045312 0.028241 0.068750 0.023148
10 0.087500 0.531481 0.175000 0.937037
1 0.036458 0.097222 0.043750 0.018519
1 0.028906 0.143981 0.028646 0.019444
1 0.036198 0.192593 0.043229 0.024074
1 0.038542 0.238889 0.047917 0.024074
1 0.026302 0.282870 0.023438 0.019444
1 0.029167 0.328704 0.029167 0.018519
1 0.043750 0.375463 0.058333 0.019444
1 0.038281 0.421759 0.047396 0.019444
1 0.033333 0.469907 0.037500 0.023148
1 0.225000 0.100926 0.053125 0.025926
1 0.217188 0.172222 0.037500 0.018519
3 0.388281 0.217593 0.379688 0.050000
1 0.622917 0.172222 0.052083 0.018519
3 0.786719 0.217593 0.379688 0.050000
1 0.221094 0.272222 0.045312 0.018519
3 0.388281 0.317593 0.379688 0.050000
1 0.621094 0.271759 0.048438 0.017593
3 0.786719 0.317593 0.379688 0.050000
1 0.225781 0.374537 0.054688 0.023148
3 0.388281 0.417593 0.379688 0.050000
1 0.613021 0.371759 0.032292 0.017593
3 0.786719 0.417593 0.379688 0.050000
1 0.225781 0.474537 0.054688 0.023148
3 0.388281 0.517593 0.379688 0.050000
1 0.607552 0.472222 0.021354 0.018519
3 0.786719 0.517593 0.379688 0.050000
1 0.212760 0.571759 0.028646 0.017593
3 0.388281 0.617593 0.379688 0.050000
1 0.620052 0.574074 0.046354 0.022222
3 0.786719 0.617593 0.379688 0.050000
1 0.216406 0.672222 0.035937 0.018519
3 0.388281 0.717593 0.379688 0.050000
1 0.609115 0.671759 0.024479 0.017593
3 0.786719 0.717593 0.379688 0.050000
0 0.240625 0.944907 0.084375 0.056481
0 0.334375 0.944907 0.084375 0.056481
0 0.428125 0.944907 0.084375 0.056481