1 0.067969 0.031019 0.114062 0.028704
10 0.079948 0.531481 0.159896 0.937037
1 0.029167 0.097222 0.029167 0.018519
1 0.038542 0.146296 0.047917 0.024074
1 0.030469 0.189815 0.031771 0.018519
1 0.035677 0.238889 0.042188 0.024074
1 0.026302 0.282870 0.023438 0.019444
1 0.213281 0.100926 0.059896 0.025926
1 0.207552 0.171759 0.048438 0.017593
3 0.376823 0.217593 0.386979 0.050000
1 0.599740 0.172222 0.021354 0.018519
3 0.782552 0.217593 0.386979 0.050000
1 0.201302 0.272222 0.035937 0.018519
3 0.376823 0.317593 0.386979 0.050000
1 0.610677 0.274537 0.043229 0.023148
3 0.782552 0.317593 0.386979 0.050000
1 0.205990 0.372222 0.045312 0.018519
3 0.376823 0.417593 0.386979 0.050000
1 0.617969 0.374074 0.057813 0.022222
3 0.782552 0.417593 0.386979 0.050000
1 0.206510 0.474074 0.046354 0.022222
3 0.376823 0.517593 0.386979 0.050000
1 0.606771 0.472222 0.035417 0.018519
3 0.782552 0.517593 0.386979 0.050000
0 0.225521 0.944907 0.084375 0.056481
0 0.319271 0.944907 0.084375 0.056481
0 0.413021 0.944907 0.084375 0.056481