1 0.065885 0.031019 0.109896 0.028704
10 0.085156 0.531481 0.170313 0.937037
1 0.032292 0.097685 0.035417 0.019444
1 0.029167 0.143519 0.029167 0.018519
1 0.030469 0.189815 0.031771 0.018519
1 0.048438 0.236574 0.067708 0.019444
1 0.031510 0.282870 0.033854 0.019444
1 0.043750 0.329167 0.058333 0.019444
1 0.036458 0.375000 0.043750 0.018519
1 0.248177 0.104167 0.108854 0.032407
1 0.222656 0.174074 0.057813 0.022222
3 0.384635 0.217593 0.381771 0.050000
1 0.618490 0.171759 0.048438 0.017593
3 0.785156 0.217593 0.381771 0.050000
1 0.203125 0.274537 0.018750 0.023148
3 0.384635 0.317593 0.381771 0.050000
1 0.620052 0.271759 0.051562 0.017593
3 0.785156 0.317593 0.381771 0.050000
1 0.219271 0.372222 0.051042 0.018519
3 0.384635 0.417593 0.381771 0.050000
1 0.617448 0.374074 0.046354 0.022222
3 0.785156 0.417593 0.381771 0.050000
1 0.208594 0.471759 0.029687 0.017593
3 0.384635 0.517593 0.381771 0.050000
1 0.612240 0.472222 0.035937 0.018519
3 0.785156 0.517593 0.381771 0.050000
1 0.213021 0.574074 0.038542 0.022222
3 0.384635 0.617593 0.381771 0.050000
1 0.606510 0.571759 0.024479 0.017593
3 0.785156 0.617593 0.381771 0.050000
1 0.219792 0.672222 0.052083 0.018519
3 0.384635 0.717593 0.381771 0.050000
1 0.621615 0.674537 0.054688 0.023148
3 0.785156 0.717593 0.381771 0.050000
1 0.209115 0.772222 0.030729 0.018519
3 0.384635 0.817593 0.381771 0.050000
1 0.611458 0.774537 0.034375 0.023148
3 0.785156 0.817593 0.381771 0.050000
0 0.235937 0.944907 0.084375 0.056481
0 0.329688 0.944907 0.084375 0.056481