1 0.064583 0.031944 0.101042 0.028704
0 0.963021 0.032407 0.045833 0.046296
0 0.898958 0.032407 0.067708 0.046296
0 0.823958 0.032407 0.067708 0.046296
1 0.048958 0.097222 0.060417 0.022222
1 0.045833 0.148611 0.039583 0.019444
1 0.199219 0.148148 0.032813 0.018519
1 0.045573 0.191204 0.039062 0.019444
1 0.214844 0.191204 0.064062 0.019444
1 0.055990 0.233796 0.059896 0.019444
1 0.212500 0.233333 0.059375 0.018519
1 0.060156 0.278704 0.068229 0.024074
1 0.204427 0.276389 0.043229 0.019444
1 0.061719 0.321296 0.071354 0.024074
1 0.212500 0.318519 0.059375 0.018519
1 0.048177 0.382407 0.058854 0.022222
1 0.041406 0.433333 0.030729 0.018519
1 0.206250 0.433796 0.046875 0.019444
1 0.060677 0.476389 0.069271 0.019444
1 0.211719 0.475926 0.057813 0.018519
1 0.055469 0.518519 0.058854 0.018519
1 0.223958 0.521296 0.082292 0.024074
1 0.054167 0.561574 0.056250 0.019444
1 0.205469 0.561111 0.045312 0.018519
1 0.055729 0.603704 0.059375 0.018519
1 0.199219 0.603704 0.032813 0.018519
1 0.049219 0.648611 0.046354 0.023148
1 0.211719 0.646296 0.057813 0.018519
1 0.062240 0.689352 0.072396 0.019444
1 0.229427 0.688889 0.093229 0.018519
1 0.045833 0.755556 0.054167 0.027778
1 0.054427 0.806481 0.056771 0.024074
1 0.216406 0.804167 0.067187 0.019444
1 0.049479 0.846759 0.046875 0.019444
1 0.211198 0.849074 0.056771 0.024074
1 0.053125 0.891667 0.054167 0.024074
1 0.227865 0.888889 0.090104 0.018519
1 0.068490 0.931944 0.084896 0.019444
1 0.202865 0.931944 0.040104 0.019444
0 0.048177 0.951389 0.058854 0.052778
0 0.116406 0.951389 0.058854 0.052778
0 0.199219 0.951389 0.088021 0.052778
0 0.282031 0.951389 0.058854 0.052778