1 0.088021 0.029167 0.147917 0.023148
0 0.952083 0.032407 0.067708 0.046296
1 0.042969 0.099537 0.048438 0.026852
1 0.058594 0.148611 0.065104 0.019444
1 0.200781 0.149537 0.035937 0.021296
1 0.070052 0.193056 0.088021 0.023148
1 0.201563 0.190741 0.037500 0.018519
1 0.051562 0.233333 0.051042 0.018519
1 0.222917 0.233796 0.080208 0.019444
1 0.054948 0.276389 0.057813 0.019444
1 0.239323 0.276389 0.113021 0.019444
1 0.048958 0.339815 0.060417 0.022222
1 0.061719 0.393519 0.071354 0.024074
1 0.198437 0.390741 0.031250 0.018519
1 0.055990 0.433796 0.059896 0.019444
1 0.212500 0.433333 0.059375 0.018519
1 0.060156 0.478704 0.068229 0.024074
1 0.206250 0.476389 0.046875 0.019444
1 0.063802 0.521296 0.075521 0.024074
1 0.227865 0.521296 0.090104 0.024074
1 0.045833 0.585185 0.054167 0.027778
1 0.049479 0.633796 0.046875 0.019444
1 0.216927 0.633796 0.068229 0.019444
1 0.046354 0.676389 0.040625 0.019444
1 0.206250 0.676389 0.046875 0.019444
1 0.062240 0.721296 0.072396 0.024074
1 0.211719 0.720833 0.057813 0.023148
1 0.054427 0.763889 0.056771 0.024074
1 0.216927 0.761574 0.068229 0.019444
1 0.068490 0.804167 0.084896 0.019444
1 0.207031 0.804167 0.048438 0.019444
1 0.071875 0.849074 0.091667 0.024074
1 0.202865 0.849074 0.040104 0.024074
1 0.053125 0.891667 0.054167 0.024074
1 0.227865 0.888889 0.090104 0.018519
0 0.048177 0.951389 0.058854 0.052778
0 0.116406 0.951389 0.058854 0.052778
0 0.184635 0.951389 0.058854 0.052778