1 0.063281 0.029167 0.098437 0.023148
0 0.952083 0.032407 0.067708 0.046296
0 0.880729 0.032407 0.060417 0.046296
1 0.048177 0.097222 0.058854 0.022222
1 0.041406 0.148148 0.030729 0.018519
1 0.206250 0.148611 0.046875 0.019444
1 0.055729 0.190741 0.059375 0.018519
1 0.199219 0.190741 0.032813 0.018519
1 0.049219 0.235648 0.046354 0.023148
1 0.202344 0.233333 0.039062 0.018519
1 0.062240 0.276389 0.072396 0.019444
1 0.231510 0.275926 0.097396 0.018519
1 0.054167 0.318981 0.056250 0.019444
1 0.205469 0.318519 0.045312 0.018519
1 0.042969 0.384722 0.048438 0.026852
1 0.054688 0.436111 0.057292 0.024074
1 0.213281 0.433333 0.060937 0.018519
1 0.051562 0.475926 0.051042 0.018519
1 0.235937 0.478241 0.106250 0.023148
1 0.070052 0.520833 0.088021 0.023148
1 0.219792 0.518519 0.073958 0.018519
0 0.048177 0.951389 0.058854 0.052778
0 0.130990 0.951389 0.088021 0.052778
0 0.213802 0.951389 0.058854 0.052778
0 0.278385 0.951389 0.051562 0.052778