1 0.072917 0.030556 0.117708 0.025926
0 0.963021 0.032407 0.045833 0.046296
0 0.902604 0.032407 0.060417 0.046296
1 0.045833 0.100000 0.054167 0.027778
1 0.071875 0.150926 0.091667 0.024074
1 0.206510 0.150463 0.047396 0.023148
1 0.054427 0.193519 0.056771 0.024074
1 0.216927 0.191204 0.068229 0.019444
1 0.046354 0.233796 0.040625 0.019444
1 0.206250 0.233796 0.046875 0.019444
1 0.049479 0.276389 0.046875 0.019444
1 0.211198 0.278704 0.056771 0.024074
1 0.048177 0.339815 0.058854 0.022222
1 0.060677 0.391204 0.069271 0.019444
1 0.211719 0.390741 0.057813 0.018519
1 0.055469 0.433333 0.058854 0.018519
1 0.219010 0.433796 0.072396 0.019444
1 0.049219 0.478241 0.046354 0.023148
1 0.202344 0.475926 0.039062 0.018519
1 0.054167 0.518981 0.056250 0.019444
1 0.211719 0.518519 0.057813 0.018519
1 0.042969 0.584722 0.048438 0.026852
1 0.039062 0.633333 0.026042 0.018519
1 0.198177 0.633333 0.030729 0.018519
1 0.058594 0.676389 0.065104 0.019444
1 0.198698 0.676389 0.031771 0.019444
1 0.054688 0.721296 0.057292 0.024074
1 0.213281 0.718519 0.060937 0.018519
1 0.046875 0.761574 0.041667 0.019444
1 0.219271 0.762500 0.072917 0.021296
1 0.051562 0.803704 0.051042 0.018519
1 0.235937 0.806019 0.106250 0.023148
1 0.070052 0.848611 0.088021 0.023148
1 0.219792 0.846296 0.073958 0.018519
1 0.054948 0.889352 0.057813 0.019444
1 0.230208 0.889352 0.094792 0.019444
0 0.048177 0.951389 0.058854 0.052778
0 0.130990 0.951389 0.088021 0.052778