1 0.067448 0.031944 0.106771 0.028704
0 0.963021 0.032407 0.045833 0.046296
0 0.902604 0.032407 0.060417 0.046296
1 0.042969 0.099537 0.048438 0.026852
1 0.051562 0.148148 0.051042 0.018519
1 0.222917 0.148611 0.080208 0.019444
1 0.054948 0.191204 0.057813 0.019444
1 0.239323 0.191204 0.113021 0.019444
1 0.070052 0.235648 0.088021 0.023148
1 0.215104 0.233333 0.064583 0.018519
1 0.046875 0.276389 0.041667 0.019444
1 0.219531 0.275926 0.073438 0.018519
1 0.048177 0.339815 0.058854 0.022222
1 0.060677 0.391204 0.069271 0.019444
1 0.217969 0.390741 0.070312 0.018519
1 0.049219 0.435648 0.046354 0.023148
1 0.202344 0.433333 0.039062 0.018519
1 0.055729 0.475926 0.059375 0.018519
1 0.199219 0.475926 0.032813 0.018519
1 0.048958 0.539815 0.060417 0.022222
1 0.055990 0.591204 0.059896 0.019444
1 0.212500 0.590741 0.059375 0.018519
1 0.063802 0.636111 0.075521 0.024074
1 0.211198 0.636111 0.056771 0.024074
1 0.061719 0.678704 0.071354 0.024074
1 0.198437 0.675926 0.031250 0.018519
1 0.060156 0.721296 0.068229 0.024074
1 0.206250 0.718981 0.046875 0.019444
1 0.045833 0.761574 0.039583 0.019444
1 0.207292 0.761111 0.048958 0.018519
1 0.045833 0.827778 0.054167 0.027778
1 0.054427 0.878704 0.056771 0.024074
1 0.216406 0.876389 0.067187 0.019444
1 0.062240 0.921296 0.072396 0.024074
1 0.199219 0.918981 0.032813 0.019444
0 0.048177 0.951389 0.058854 0.052778
0 0.116406 0.951389 0.058854 0.052778
0 0.184635 0.951389 0.058854 0.052778