1 0.048438 0.029167 0.068750 0.023148
0 0.952083 0.032407 0.067708 0.046296
1 0.048958 0.097222 0.060417 0.022222
1 0.061719 0.150926 0.071354 0.024074
1 0.198437 0.148148 0.031250 0.018519
1 0.063802 0.193519 0.075521 0.024074
1 0.211198 0.193519 0.056771 0.024074
1 0.060156 0.236111 0.068229 0.024074
1 0.204427 0.233796 0.043229 0.019444
1 0.045833 0.300000 0.054167 0.027778
1 0.062240 0.350926 0.072396 0.024074
1 0.211719 0.350463 0.057813 0.023148
1 0.071875 0.393519 0.091667 0.024074
1 0.206510 0.393056 0.047396 0.023148
1 0.053125 0.436111 0.054167 0.024074
1 0.227865 0.433333 0.090104 0.018519
1 0.042969 0.499537 0.048438 0.026852
1 0.051562 0.548148 0.051042 0.018519
1 0.222917 0.548611 0.080208 0.019444
1 0.058594 0.591204 0.065104 0.019444
1 0.202083 0.590741 0.038542 0.018519
1 0.070052 0.635648 0.088021 0.023148
1 0.201563 0.633333 0.037500 0.018519
1 0.054688 0.678704 0.057292 0.024074
1 0.208073 0.675926 0.050521 0.018519
0 0.048177 0.951389 0.058854 0.052778
0 0.116406 0.951389 0.058854 0.052778
0 0.199219 0.951389 0.088021 0.052778