1 0.073698 0.031944 0.119271 0.028704
0 0.952083 0.032407 0.067708 0.046296
1 0.048958 0.097222 0.060417 0.022222
1 0.045573 0.148611 0.039062 0.019444
1 0.214844 0.148611 0.064062 0.019444
1 0.061719 0.193519 0.071354 0.024074
1 0.212500 0.190741 0.059375 0.018519
1 0.045833 0.233796 0.039583 0.019444
1 0.194792 0.233333 0.023958 0.018519
1 0.048177 0.297222 0.058854 0.022222
1 0.054167 0.348611 0.056250 0.019444
1 0.211719 0.348148 0.057813 0.018519
1 0.055469 0.390741 0.058854 0.018519
1 0.211458 0.391204 0.057292 0.019444
1 0.062240 0.433796 0.072396 0.019444
1 0.231510 0.433333 0.097396 0.018519
1 0.055729 0.475926 0.059375 0.018519
1 0.211719 0.475926 0.057813 0.018519
1 0.060677 0.518981 0.069271 0.019444
1 0.211719 0.518519 0.057813 0.018519
1 0.049219 0.563426 0.046354 0.023148
1 0.211719 0.561111 0.057813 0.018519
1 0.041406 0.603704 0.030729 0.018519
1 0.204427 0.604167 0.043229 0.019444
1 0.042969 0.669907 0.048438 0.026852
1 0.054948 0.718981 0.057813 0.019444
1 0.230208 0.718981 0.094792 0.019444
1 0.051562 0.761111 0.051042 0.018519
1 0.222917 0.761574 0.080208 0.019444
1 0.046875 0.804167 0.041667 0.019444
1 0.219531 0.803704 0.073438 0.018519
1 0.054688 0.849074 0.057292 0.024074
1 0.219531 0.846296 0.073438 0.018519
1 0.039062 0.888889 0.026042 0.018519
1 0.198177 0.888889 0.030729 0.018519
1 0.070052 0.933796 0.088021 0.023148
1 0.201563 0.931481 0.037500 0.018519
0 0.044531 0.951389 0.051562 0.052778
0 0.123698 0.951389 0.088021 0.052778
0 0.206510 0.951389 0.058854 0.052778
0 0.274740 0.951389 0.058854 0.052778