1 0.078906 0.031944 0.129688 0.028704
0 0.963021 0.032407 0.045833 0.046296
1 0.042969 0.099537 0.048438 0.026852
1 0.070052 0.150463 0.088021 0.023148
1 0.215104 0.148148 0.064583 0.018519
1 0.051562 0.190741 0.051042 0.018519
1 0.222917 0.191204 0.080208 0.019444
1 0.039062 0.233333 0.026042 0.018519
1 0.198177 0.233333 0.030729 0.018519
1 0.058594 0.276389 0.065104 0.019444
1 0.198698 0.276389 0.031771 0.019444
1 0.046875 0.318981 0.041667 0.019444
1 0.219531 0.318519 0.073438 0.018519
1 0.054948 0.361574 0.057813 0.019444
1 0.239323 0.361574 0.113021 0.019444
1 0.045833 0.427778 0.054167 0.027778
1 0.054427 0.478704 0.056771 0.024074
1 0.216927 0.476389 0.068229 0.019444
1 0.068490 0.518981 0.084896 0.019444
1 0.202865 0.518981 0.040104 0.019444
1 0.071875 0.563889 0.091667 0.024074
1 0.198437 0.561111 0.031250 0.018519
1 0.062240 0.606481 0.072396 0.024074
1 0.211719 0.606019 0.057813 0.023148
0 0.048177 0.951389 0.058854 0.052778
0 0.112760 0.951389 0.051562 0.052778