1 0.067448 0.031944 0.106771 0.028704
0 0.963021 0.032407 0.045833 0.046296
1 0.048177 0.097222 0.058854 0.022222
1 0.041406 0.148148 0.030729 0.018519
1 0.206250 0.148611 0.046875 0.019444
1 0.054167 0.191204 0.056250 0.019444
1 0.217969 0.190741 0.070312 0.018519
1 0.055469 0.233333 0.058854 0.018519
1 0.211458 0.233796 0.057292 0.019444
1 0.049219 0.278241 0.046354 0.023148
1 0.202344 0.275926 0.039062 0.018519
1 0.042969 0.342130 0.048438 0.026852
1 0.051562 0.390741 0.051042 0.018519
1 0.217448 0.391204 0.069271 0.019444
1 0.039062 0.433333 0.026042 0.018519
1 0.198177 0.433333 0.030729 0.018519
1 0.054688 0.478704 0.057292 0.024074
1 0.213281 0.475926 0.060937 0.018519
1 0.070052 0.520833 0.088021 0.023148
1 0.219792 0.518519 0.073958 0.018519
1 0.045833 0.585185 0.054167 0.027778
1 0.049479 0.633796 0.046875 0.019444
1 0.216927 0.633796 0.068229 0.019444
1 0.062240 0.678704 0.072396 0.024074
1 0.206250 0.676389 0.046875 0.019444
1 0.068490 0.718981 0.084896 0.019444
1 0.207031 0.718981 0.048438 0.019444
1 0.071875 0.763889 0.091667 0.024074
1 0.203385 0.763426 0.041146 0.023148
1 0.054427 0.806481 0.056771 0.024074
1 0.216406 0.804167 0.067187 0.019444
1 0.053125 0.849074 0.054167 0.024074
1 0.227865 0.846296 0.090104 0.018519
0 0.048177 0.951389 0.058854 0.052778
0 0.130990 0.951389 0.088021 0.052778
0 0.213802 0.951389 0.058854 0.052778
0 0.282031 0.951389 0.058854 0.052778