1 0.078906 0.031944 0.129688 0.028704
0 0.952083 0.032407 0.067708 0.046296
0 0.888021 0.032407 0.045833 0.046296
0 0.827604 0.032407 0.060417 0.046296
1 0.048177 0.097222 0.058854 0.022222
1 0.049219 0.150463 0.046354 0.023148
1 0.202344 0.148148 0.039062 0.018519
1 0.041406 0.190741 0.030729 0.018519
1 0.204427 0.191204 0.043229 0.019444
1 0.055469 0.233333 0.058854 0.018519
1 0.219010 0.233796 0.072396 0.019444
1 0.048958 0.297222 0.060417 0.022222
1 0.060156 0.350926 0.068229 0.024074
1 0.204427 0.348611 0.043229 0.019444
1 0.061719 0.393519 0.071354 0.024074
1 0.212500 0.390741 0.059375 0.018519
1 0.045833 0.433796 0.039583 0.019444
1 0.194792 0.433333 0.023958 0.018519
1 0.045573 0.476389 0.039062 0.019444
1 0.209635 0.478704 0.053646 0.024074
1 0.045833 0.542593 0.054167 0.027778
1 0.046354 0.591204 0.040625 0.019444
1 0.206250 0.591204 0.046875 0.019444
1 0.049479 0.633796 0.046875 0.019444
1 0.216927 0.633796 0.068229 0.019444
1 0.053125 0.678704 0.054167 0.024074
1 0.227865 0.675926 0.090104 0.018519
1 0.062240 0.721296 0.072396 0.024074
1 0.211719 0.720833 0.057813 0.023148
1 0.068490 0.761574 0.084896 0.019444
1 0.227083 0.763426 0.088542 0.023148
1 0.054427 0.806481 0.056771 0.024074
1 0.216927 0.804167 0.068229 0.019444
1 0.071875 0.849074 0.091667 0.024074
1 0.198437 0.846296 0.031250 0.018519
0 0.048177 0.951389 0.058854 0.052778
0 0.116406 0.951389 0.058854 0.052778