1 0.069271 0.031944 0.110417 0.028704
0 0.963021 0.032407 0.045833 0.046296
0 0.898958 0.032407 0.067708 0.046296
1 0.048177 0.097222 0.058854 0.022222
1 0.055729 0.148148 0.059375 0.018519
1 0.199219 0.148148 0.032813 0.018519
1 0.060677 0.191204 0.069271 0.019444
1 0.217969 0.190741 0.070312 0.018519
1 0.055469 0.233333 0.058854 0.018519
1 0.211458 0.233796 0.057292 0.019444
1 0.048958 0.297222 0.060417 0.022222
1 0.063802 0.350926 0.075521 0.024074
1 0.211198 0.350926 0.056771 0.024074
1 0.055990 0.391204 0.059896 0.019444
1 0.212500 0.390741 0.059375 0.018519
1 0.061719 0.436111 0.071354 0.024074
1 0.212500 0.433333 0.059375 0.018519
1 0.045833 0.476389 0.039583 0.019444
1 0.207292 0.475926 0.048958 0.018519
1 0.045833 0.542593 0.054167 0.027778
1 0.049479 0.591204 0.046875 0.019444
1 0.211198 0.593519 0.056771 0.024074
1 0.053125 0.636111 0.054167 0.024074
1 0.227865 0.633333 0.090104 0.018519
1 0.071875 0.678704 0.091667 0.024074
1 0.206510 0.678241 0.047396 0.023148
1 0.046354 0.718981 0.040625 0.019444
1 0.204427 0.718981 0.043229 0.019444
1 0.054427 0.763889 0.056771 0.024074
1 0.216927 0.761574 0.068229 0.019444
1 0.062240 0.806481 0.072396 0.024074
1 0.206250 0.804167 0.046875 0.019444
1 0.068490 0.846759 0.084896 0.019444
1 0.227083 0.848611 0.088542 0.023148
0 0.048177 0.951389 0.058854 0.052778
0 0.116406 0.951389 0.058854 0.052778
0 0.180990 0.951389 0.051562 0.052778
0 0.245573 0.951389 0.058854 0.052778