1 0.081771 0.031944 0.135417 0.028704
0 0.955729 0.032407 0.060417 0.046296
0 0.884375 0.032407 0.067708 0.046296
1 0.042969 0.099537 0.048438 0.026852
1 0.070052 0.150463 0.088021 0.023148
1 0.201563 0.148148 0.037500 0.018519
1 0.046875 0.191204 0.041667 0.019444
1 0.208594 0.193519 0.051562 0.024074
1 0.039062 0.233333 0.026042 0.018519
1 0.198177 0.233333 0.030729 0.018519
1 0.048177 0.297222 0.058854 0.022222
1 0.062240 0.348611 0.072396 0.019444
1 0.231510 0.348148 0.097396 0.018519
1 0.054167 0.391204 0.056250 0.019444
1 0.217969 0.390741 0.070312 0.018519
1 0.060677 0.433796 0.069271 0.019444
1 0.211719 0.433333 0.057813 0.018519
1 0.041406 0.475926 0.030729 0.018519
1 0.206250 0.476389 0.046875 0.019444
1 0.045833 0.542593 0.054167 0.027778
1 0.068490 0.591204 0.084896 0.019444
1 0.202865 0.591204 0.040104 0.019444
1 0.071875 0.636111 0.091667 0.024074
1 0.202865 0.636111 0.040104 0.024074
1 0.049479 0.676389 0.046875 0.019444
1 0.216927 0.676389 0.068229 0.019444
1 0.062240 0.721296 0.072396 0.024074
1 0.199219 0.718981 0.032813 0.019444
1 0.054427 0.763889 0.056771 0.024074
1 0.216927 0.761574 0.068229 0.019444
1 0.046354 0.804167 0.040625 0.019444
1 0.206250 0.804167 0.046875 0.019444
1 0.048958 0.867593 0.060417 0.022222
1 0.045573 0.918981 0.039062 0.019444
1 0.194271 0.918981 0.022917 0.019444
0 0.048177 0.951389 0.058854 0.052778
0 0.112760 0.951389 0.051562 0.052778
0 0.177344 0.951389 0.058854 0.052778