1 0.069010 0.031944 0.109896 0.028704
0 0.952083 0.032407 0.067708 0.046296
0 0.888021 0.032407 0.045833 0.046296
1 0.042969 0.099537 0.048438 0.026852
1 0.058594 0.148611 0.065104 0.019444
1 0.198698 0.148611 0.031771 0.019444
1 0.046875 0.191204 0.041667 0.019444
1 0.208594 0.193519 0.051562 0.024074
1 0.070052 0.235648 0.088021 0.023148
1 0.201563 0.233333 0.037500 0.018519
1 0.051562 0.275926 0.051042 0.018519
1 0.217448 0.276389 0.069271 0.019444
1 0.045833 0.342593 0.054167 0.027778
1 0.068490 0.391204 0.084896 0.019444
1 0.227083 0.393056 0.088542 0.023148
1 0.046354 0.433796 0.040625 0.019444
1 0.206250 0.433796 0.046875 0.019444
1 0.053125 0.478704 0.054167 0.024074
1 0.227865 0.475926 0.090104 0.018519
1 0.048958 0.539815 0.060417 0.022222
1 0.061719 0.593519 0.071354 0.024074
1 0.212500 0.590741 0.059375 0.018519
1 0.060156 0.636111 0.068229 0.024074
1 0.204427 0.633796 0.043229 0.019444
1 0.045833 0.676389 0.039583 0.019444
1 0.199219 0.675926 0.032813 0.018519
1 0.055990 0.718981 0.059896 0.019444
1 0.212500 0.718519 0.059375 0.018519
1 0.063802 0.763889 0.075521 0.024074
1 0.211198 0.763889 0.056771 0.024074
1 0.045573 0.804167 0.039062 0.019444
1 0.194271 0.804167 0.022917 0.019444
1 0.048177 0.867593 0.058854 0.022222
1 0.041406 0.918519 0.030729 0.018519
1 0.204427 0.918981 0.043229 0.019444
0 0.062760 0.951389 0.088021 0.052778
0 0.145573 0.951389 0.058854 0.052778
0 0.210156 0.951389 0.051562 0.052778