1 0.048438 0.029167 0.068750 0.023148
0 0.952083 0.032407 0.067708 0.046296
0 0.888021 0.032407 0.045833 0.046296
0 0.827604 0.032407 0.060417 0.046296
1 0.045833 0.100000 0.054167 0.027778
1 0.046354 0.148611 0.040625 0.019444
1 0.206250 0.148611 0.046875 0.019444
1 0.071875 0.193519 0.091667 0.024074
1 0.203385 0.193056 0.041146 0.023148
1 0.068490 0.233796 0.084896 0.019444
1 0.227083 0.235648 0.088542 0.023148
1 0.049479 0.276389 0.046875 0.019444
1 0.211198 0.278704 0.056771 0.024074
1 0.062240 0.321296 0.072396 0.024074
1 0.211719 0.320833 0.057813 0.023148
1 0.054427 0.363889 0.056771 0.024074
1 0.216927 0.361574 0.068229 0.019444
1 0.053125 0.406481 0.054167 0.024074
1 0.227865 0.403704 0.090104 0.018519
1 0.042969 0.469907 0.048438 0.026852
1 0.070052 0.520833 0.088021 0.023148
1 0.219792 0.518519 0.073958 0.018519
1 0.054688 0.563889 0.057292 0.024074
1 0.219531 0.561111 0.073438 0.018519
1 0.039062 0.603704 0.026042 0.018519
1 0.198177 0.603704 0.030729 0.018519
1 0.048177 0.667593 0.058854 0.022222
1 0.055469 0.718519 0.058854 0.018519
1 0.219010 0.718981 0.072396 0.019444
1 0.055729 0.761111 0.059375 0.018519
1 0.199219 0.761111 0.032813 0.018519
1 0.062240 0.804167 0.072396 0.019444
1 0.231510 0.803704 0.097396 0.018519
1 0.060677 0.846759 0.069271 0.019444
1 0.211719 0.846296 0.057813 0.018519
0 0.048177 0.951389 0.058854 0.052778
0 0.112760 0.951389 0.051562 0.052778
0 0.177344 0.951389 0.058854 0.052778