1 0.067448 0.031944 0.106771 0.028704
0 0.952083 0.032407 0.067708 0.046296
0 0.888021 0.032407 0.045833 0.046296
1 0.045833 0.100000 0.054167 0.027778
1 0.053125 0.150926 0.054167 0.024074
1 0.227865 0.148148 0.090104 0.018519
1 0.071875 0.193519 0.091667 0.024074
1 0.206510 0.193056 0.047396 0.023148
1 0.054427 0.236111 0.056771 0.024074
1 0.216406 0.233796 0.067187 0.019444
1 0.062240 0.278704 0.072396 0.024074
1 0.206250 0.276389 0.046875 0.019444
1 0.048177 0.339815 0.058854 0.022222
1 0.055469 0.390741 0.058854 0.018519
1 0.219010 0.391204 0.072396 0.019444
1 0.062240 0.433796 0.072396 0.019444
1 0.229427 0.433333 0.093229 0.018519
1 0.060677 0.476389 0.069271 0.019444
1 0.217969 0.475926 0.070312 0.018519
1 0.041406 0.518519 0.030729 0.018519
1 0.204427 0.518981 0.043229 0.019444
1 0.049219 0.563426 0.046354 0.023148
1 0.211719 0.561111 0.057813 0.018519
0 0.048177 0.951389 0.058854 0.052778
0 0.116406 0.951389 0.058854 0.052778
0 0.184635 0.951389 0.058854 0.052778