1 0.029687 0.029167 0.031250 0.023148
0 0.952083 0.032407 0.067708 0.046296
0 0.880729 0.032407 0.060417 0.046296
1 0.048958 0.097222 0.060417 0.022222
1 0.045833 0.148611 0.039583 0.019444
1 0.209115 0.148611 0.052604 0.019444
1 0.045573 0.191204 0.039062 0.019444
1 0.194271 0.191204 0.022917 0.019444
1 0.061719 0.236111 0.071354 0.024074
1 0.212500 0.233333 0.059375 0.018519
1 0.055990 0.276389 0.059896 0.019444
1 0.212500 0.275926 0.059375 0.018519
1 0.060156 0.321296 0.068229 0.024074
1 0.206250 0.318981 0.046875 0.019444
1 0.045833 0.385185 0.054167 0.027778
1 0.049479 0.433796 0.046875 0.019444
1 0.216927 0.433796 0.068229 0.019444
1 0.054427 0.478704 0.056771 0.024074
1 0.216406 0.476389 0.067187 0.019444
1 0.071875 0.521296 0.091667 0.024074
1 0.206510 0.520833 0.047396 0.023148
1 0.062240 0.563889 0.072396 0.024074
1 0.206250 0.561574 0.046875 0.019444
1 0.053125 0.606481 0.054167 0.024074
1 0.227865 0.603704 0.090104 0.018519
1 0.048177 0.667593 0.058854 0.022222
1 0.041406 0.718519 0.030729 0.018519
1 0.206250 0.718981 0.046875 0.019444
1 0.062240 0.761574 0.072396 0.019444
1 0.231510 0.761111 0.097396 0.018519
1 0.060677 0.804167 0.069271 0.019444
1 0.211719 0.803704 0.057813 0.018519
1 0.042969 0.869907 0.048438 0.026852
1 0.054948 0.918981 0.057813 0.019444
1 0.230208 0.918981 0.094792 0.019444
0 0.048177 0.951389 0.058854 0.052778
0 0.130990 0.951389 0.088021 0.052778
0 0.210156 0.951389 0.051562 0.052778
0 0.274740 0.951389 0.058854 0.052778