1 0.076823 0.031481 0.125521 0.027778
0 0.952083 0.032407 0.067708 0.046296
0 0.877083 0.032407 0.067708 0.046296
0 0.805729 0.032407 0.060417 0.046296
1 0.048177 0.097222 0.058854 0.022222
1 0.049219 0.150463 0.046354 0.023148
1 0.202344 0.148148 0.039062 0.018519
1 0.060677 0.191204 0.069271 0.019444
1 0.217969 0.190741 0.070312 0.018519
1 0.041406 0.233333 0.030729 0.018519
1 0.204427 0.233796 0.043229 0.019444
1 0.055729 0.275926 0.059375 0.018519
1 0.211719 0.275926 0.057813 0.018519
1 0.054167 0.318981 0.056250 0.019444
1 0.211719 0.318519 0.057813 0.018519
1 0.062240 0.361574 0.072396 0.019444
1 0.229427 0.361111 0.093229 0.018519
1 0.055469 0.403704 0.058854 0.018519
1 0.211458 0.404167 0.057292 0.019444
1 0.048958 0.467593 0.060417 0.022222
1 0.055990 0.518981 0.059896 0.019444
1 0.212500 0.518519 0.059375 0.018519
1 0.045833 0.561574 0.039583 0.019444
1 0.207292 0.561111 0.048958 0.018519
1 0.060156 0.606481 0.068229 0.024074
1 0.206250 0.604167 0.046875 0.019444
1 0.061719 0.649074 0.071354 0.024074
1 0.212500 0.646296 0.059375 0.018519
1 0.042969 0.712500 0.048438 0.026852
1 0.070052 0.763426 0.088021 0.023148
1 0.219792 0.761111 0.073958 0.018519
1 0.054688 0.806481 0.057292 0.024074
1 0.219531 0.803704 0.073438 0.018519
1 0.046875 0.846759 0.041667 0.019444
1 0.215104 0.847685 0.064583 0.021296
0 0.048177 0.951389 0.058854 0.052778
0 0.130990 0.951389 0.088021 0.052778
0 0.210156 0.951389 0.051562 0.052778