1 0.070573 0.031944 0.113021 0.028704
0 0.952083 0.032407 0.067708 0.046296
0 0.888021 0.032407 0.045833 0.046296
1 0.045833 0.100000 0.054167 0.027778
1 0.054427 0.150926 0.056771 0.024074
1 0.216927 0.148611 0.068229 0.019444
1 0.049479 0.191204 0.046875 0.019444
1 0.211198 0.193519 0.056771 0.024074
1 0.046354 0.233796 0.040625 0.019444
1 0.206250 0.233796 0.046875 0.019444
1 0.053125 0.278704 0.054167 0.024074
1 0.227865 0.275926 0.090104 0.018519
1 0.048177 0.339815 0.058854 0.022222
1 0.060677 0.391204 0.069271 0.019444
1 0.217969 0.390741 0.070312 0.018519
1 0.054167 0.433796 0.056250 0.019444
1 0.217969 0.433333 0.070312 0.018519
1 0.049219 0.478241 0.046354 0.023148
1 0.211719 0.475926 0.057813 0.018519
1 0.055469 0.518519 0.058854 0.018519
1 0.223958 0.521296 0.082292 0.024074
1 0.055729 0.561111 0.059375 0.018519
1 0.199219 0.561111 0.032813 0.018519
1 0.041406 0.603704 0.030729 0.018519
1 0.204427 0.604167 0.043229 0.019444
1 0.042969 0.669907 0.048438 0.026852
1 0.054948 0.718981 0.057813 0.019444
1 0.230208 0.718981 0.094792 0.019444
1 0.058594 0.761574 0.065104 0.019444
1 0.198698 0.761574 0.031771 0.019444
1 0.046875 0.804167 0.041667 0.019444
1 0.215104 0.805093 0.064583 0.021296
1 0.039062 0.846296 0.026042 0.018519
1 0.198177 0.846296 0.030729 0.018519
1 0.051562 0.888889 0.051042 0.018519
1 0.217448 0.889352 0.069271 0.019444
0 0.062760 0.951389 0.088021 0.052778
0 0.141927 0.951389 0.051562 0.052778
0 0.206510 0.951389 0.058854 0.052778