10 0.500000 0.500000 0.290625 0.629630
1 0.437500 0.232870 0.128125 0.028704
1 0.441406 0.297222 0.135937 0.024074
1 0.398698 0.353241 0.050521 0.019444
3 0.500000 0.399537 0.253125 0.052778
1 0.400260 0.451852 0.053646 0.018519
3 0.500000 0.498611 0.253125 0.052778
1 0.421354 0.551389 0.095833 0.019444
3 0.500000 0.597685 0.253125 0.052778
4 0.405208 0.653704 0.063542 0.025926
0 0.500000 0.716667 0.253125 0.059259
1 0.503125 0.798148 0.062500 0.020370
0 0.412500 0.854630 0.078125 0.050000
0 0.500000 0.854630 0.078125 0.050000
0 0.587500 0.854630 0.078125 0.050000
1 0.412240 0.906481 0.077604 0.020370