10 0.500000 0.500000 0.344792 0.666667
1 0.370833 0.218056 0.048958 0.036111
1 0.414323 0.278704 0.135937 0.024074
1 0.371615 0.334722 0.050521 0.019444
3 0.500000 0.381019 0.307292 0.052778
1 0.394271 0.433796 0.095833 0.019444
3 0.500000 0.480093 0.307292 0.052778
1 0.373177 0.532407 0.053646 0.018519
3 0.500000 0.579167 0.307292 0.052778
4 0.378125 0.635185 0.063542 0.025926
0 0.500000 0.698148 0.307292 0.059259
1 0.503125 0.779630 0.062500 0.020370
0 0.500000 0.836111 0.307292 0.050000
1 0.385156 0.887963 0.077604 0.020370