10 0.500000 0.499537 0.287500 0.652778
1 0.439063 0.220833 0.128125 0.028704
1 0.428906 0.284722 0.107813 0.023148
1 0.400260 0.341204 0.050521 0.019444
3 0.500000 0.387500 0.250000 0.052778
1 0.422917 0.440278 0.095833 0.019444
3 0.500000 0.486574 0.250000 0.052778
1 0.389583 0.539352 0.029167 0.019444
3 0.500000 0.585648 0.250000 0.052778
1 0.401823 0.637963 0.053646 0.018519
3 0.500000 0.684722 0.250000 0.052778
4 0.406771 0.740741 0.063542 0.025926
0 0.500000 0.803704 0.250000 0.059259
1 0.413802 0.926852 0.077604 0.020370