10 0.500000 0.499537 0.279167 0.589815
1 0.403646 0.256019 0.048958 0.036111
1 0.404427 0.331019 0.050521 0.019444
3 0.500000 0.377315 0.241667 0.052778
1 0.427083 0.430093 0.095833 0.019444
3 0.500000 0.476389 0.241667 0.052778
1 0.405990 0.528704 0.053646 0.018519
3 0.500000 0.575463 0.241667 0.052778
4 0.410938 0.631481 0.063542 0.025926
0 0.500000 0.694444 0.241667 0.059259
1 0.503125 0.775926 0.062500 0.020370
0 0.416146 0.832407 0.073958 0.050000
0 0.499479 0.832407 0.073958 0.050000
0 0.582812 0.832407 0.073958 0.050000
1 0.417969 0.884259 0.077604 0.020370