10 0.500000 0.499537 0.277083 0.654630
1 0.443490 0.223611 0.126562 0.036111
1 0.438021 0.284259 0.115625 0.024074
1 0.394792 0.340278 0.029167 0.019444
3 0.500000 0.386574 0.239583 0.052778
1 0.428125 0.439352 0.095833 0.019444
3 0.500000 0.485648 0.239583 0.052778
1 0.405469 0.538426 0.050521 0.019444
3 0.500000 0.584722 0.239583 0.052778
4 0.411979 0.640741 0.063542 0.025926
0 0.500000 0.703704 0.239583 0.059259
1 0.503125 0.785185 0.062500 0.020370
0 0.416927 0.841667 0.073438 0.050000
0 0.499740 0.841667 0.073438 0.050000
0 0.582552 0.841667 0.073438 0.050000
1 0.419010 0.893519 0.077604 0.020370