10 0.499740 0.500000 0.329688 0.700000
1 0.417708 0.197685 0.128125 0.028704
1 0.407552 0.261574 0.107813 0.023148
1 0.380469 0.317593 0.053646 0.018519
3 0.499740 0.364352 0.292187 0.052778
1 0.368229 0.417130 0.029167 0.019444
3 0.499740 0.463426 0.292187 0.052778
1 0.378906 0.516204 0.050521 0.019444
3 0.499740 0.562500 0.292187 0.052778
1 0.401562 0.615278 0.095833 0.019444
3 0.499740 0.661574 0.292187 0.052778
4 0.385417 0.717593 0.063542 0.025926
0 0.499740 0.780556 0.292187 0.059259
1 0.502604 0.862037 0.062500 0.020370
0 0.424219 0.918519 0.141146 0.050000
0 0.574740 0.918519 0.141146 0.050000