10 0.499740 0.499537 0.330729 0.608333
1 0.377604 0.246759 0.048958 0.036111
1 0.410938 0.307407 0.115625 0.024074
1 0.378385 0.363426 0.050521 0.019444
3 0.499740 0.409722 0.293229 0.052778
1 0.379948 0.462037 0.053646 0.018519
3 0.499740 0.508796 0.293229 0.052778
1 0.401042 0.561574 0.095833 0.019444
3 0.499740 0.607870 0.293229 0.052778
4 0.384896 0.663889 0.063542 0.025926
0 0.499740 0.726852 0.293229 0.059259
1 0.502604 0.808333 0.062500 0.020370
0 0.398698 0.864815 0.091146 0.050000
0 0.499219 0.864815 0.091146 0.050000
0 0.599740 0.864815 0.091146 0.050000
1 0.391927 0.916667 0.077604 0.020370