1 0.045573 0.035648 0.063021 0.032407
1 0.043490 0.106019 0.049479 0.028704
1 0.044792 0.147685 0.033333 0.019444
4 0.897917 0.144444 0.020833 0.018519
1 0.053646 0.199537 0.051042 0.023148
3 0.925000 0.201389 0.112500 0.039815
1 0.047396 0.250000 0.038542 0.024074
4 0.913542 0.248148 0.014583 0.025926
1 0.052344 0.297685 0.048438 0.019444
4 0.897917 0.294444 0.020833 0.018519
1 0.053385 0.347685 0.050521 0.019444
4 0.913542 0.348148 0.014583 0.025926
1 0.063021 0.424537 0.088542 0.023148
1 0.042708 0.468981 0.029167 0.019444
4 0.913542 0.469444 0.014583 0.025926
1 0.041667 0.518519 0.027083 0.018519
4 0.897917 0.515741 0.020833 0.018519
1 0.048438 0.595833 0.059375 0.023148
1 0.041667 0.639815 0.027083 0.018519
4 0.913542 0.640741 0.014583 0.025926
1 0.044531 0.689815 0.032813 0.018519
4 0.913542 0.690741 0.014583 0.025926
1 0.040625 0.739815 0.025000 0.018519
3 0.925000 0.743981 0.112500 0.039815
1 0.044010 0.789815 0.031771 0.018519
4 0.913542 0.790741 0.014583 0.025926
0 0.943750 0.951389 0.075000 0.052778
0 0.859375 0.951389 0.075000 0.052778