1 0.045573 0.035648 0.063021 0.032407
1 0.045052 0.103241 0.052604 0.023148
1 0.058594 0.150000 0.060937 0.024074
3 0.925000 0.151389 0.112500 0.039815
1 0.045573 0.197222 0.034896 0.018519
4 0.897917 0.194444 0.020833 0.018519
1 0.041667 0.247222 0.027083 0.018519
3 0.925000 0.251389 0.112500 0.039815
1 0.048438 0.324537 0.059375 0.023148
1 0.038542 0.371296 0.020833 0.024074
4 0.897917 0.365741 0.020833 0.018519
1 0.053646 0.420833 0.051042 0.023148
3 0.925000 0.422685 0.112500 0.039815
1 0.047917 0.468981 0.039583 0.019444
4 0.897917 0.465741 0.020833 0.018519
1 0.049219 0.520833 0.042188 0.023148
4 0.913542 0.519444 0.014583 0.025926
1 0.047656 0.568981 0.039062 0.019444
4 0.913542 0.569444 0.014583 0.025926
1 0.063021 0.645833 0.088542 0.023148
1 0.045573 0.689815 0.034896 0.018519
4 0.913542 0.690741 0.014583 0.025926
1 0.058333 0.742593 0.060417 0.024074
4 0.897917 0.737037 0.020833 0.018519
1 0.042708 0.790278 0.029167 0.019444
3 0.925000 0.793981 0.112500 0.039815
1 0.048958 0.840278 0.041667 0.019444
3 0.925000 0.843981 0.112500 0.039815
1 0.054948 0.889815 0.053646 0.018519
4 0.897917 0.887037 0.020833 0.018519
0 0.943750 0.951389 0.075000 0.052778
0 0.859375 0.951389 0.075000 0.052778