1 0.045573 0.035648 0.063021 0.032407
1 0.046875 0.102778 0.056250 0.022222
1 0.047656 0.147685 0.039062 0.019444
4 0.913542 0.148148 0.014583 0.025926
1 0.038542 0.200000 0.020833 0.024074
4 0.913542 0.198148 0.014583 0.025926
1 0.044010 0.277315 0.050521 0.028704
1 0.056250 0.318519 0.056250 0.018519
4 0.913542 0.319444 0.014583 0.025926
1 0.042708 0.368981 0.029167 0.019444
4 0.913542 0.369444 0.014583 0.025926
1 0.060156 0.420833 0.064062 0.023148
4 0.897917 0.415741 0.020833 0.018519
1 0.043490 0.498611 0.049479 0.028704
1 0.038542 0.542593 0.020833 0.024074
3 0.925000 0.543981 0.112500 0.039815
1 0.054948 0.589815 0.053646 0.018519
4 0.897917 0.587037 0.020833 0.018519
1 0.052344 0.640278 0.048438 0.019444
3 0.925000 0.643981 0.112500 0.039815
1 0.056250 0.690278 0.056250 0.019444
3 0.925000 0.693981 0.112500 0.039815
1 0.048438 0.767130 0.059375 0.023148
1 0.045573 0.811111 0.034896 0.018519
4 0.897917 0.808333 0.020833 0.018519
1 0.049740 0.861574 0.043229 0.019444
4 0.897917 0.858333 0.020833 0.018519
1 0.056771 0.911574 0.057292 0.019444
4 0.913542 0.912037 0.014583 0.025926
0 0.943750 0.951389 0.075000 0.052778
0 0.859375 0.951389 0.075000 0.052778