1 0.045573 0.035648 0.063021 0.032407
1 0.048438 0.103241 0.059375 0.023148
1 0.047656 0.147685 0.039062 0.019444
3 0.925000 0.151389 0.112500 0.039815
1 0.041667 0.197222 0.027083 0.018519
3 0.925000 0.201389 0.112500 0.039815
1 0.047917 0.247685 0.039583 0.019444
4 0.897917 0.244444 0.020833 0.018519
1 0.039323 0.324537 0.041146 0.023148
1 0.048958 0.368981 0.041667 0.019444
4 0.897917 0.365741 0.020833 0.018519
1 0.038542 0.421296 0.020833 0.024074
4 0.913542 0.419444 0.014583 0.025926
1 0.040625 0.468519 0.025000 0.018519
3 0.925000 0.472685 0.112500 0.039815
1 0.052344 0.545833 0.067187 0.023148
1 0.044010 0.589815 0.031771 0.018519
4 0.913542 0.590741 0.014583 0.025926
1 0.039844 0.640278 0.023438 0.019444
3 0.925000 0.643981 0.112500 0.039815
0 0.943750 0.951389 0.075000 0.052778
0 0.859375 0.951389 0.075000 0.052778