1 0.045573 0.035648 0.063021 0.032407
1 0.048438 0.103241 0.059375 0.023148
1 0.052083 0.150000 0.047917 0.024074
4 0.897917 0.144444 0.020833 0.018519
1 0.039844 0.197685 0.023438 0.019444
4 0.913542 0.198148 0.014583 0.025926
1 0.044792 0.247685 0.033333 0.019444
4 0.913542 0.248148 0.014583 0.025926
1 0.047656 0.297685 0.039062 0.019444
4 0.913542 0.298148 0.014583 0.025926
1 0.043490 0.377315 0.049479 0.028704
1 0.044531 0.418519 0.032813 0.018519
4 0.913542 0.419444 0.014583 0.025926
1 0.056250 0.468519 0.056250 0.018519
4 0.897917 0.465741 0.020833 0.018519
1 0.053646 0.520833 0.051042 0.023148
4 0.913542 0.519444 0.014583 0.025926
1 0.045052 0.595833 0.052604 0.023148
1 0.039844 0.640278 0.023438 0.019444
3 0.925000 0.643981 0.112500 0.039815
1 0.054948 0.689815 0.053646 0.018519
4 0.913542 0.690741 0.014583 0.025926
1 0.056250 0.739815 0.056250 0.018519
4 0.913542 0.740741 0.014583 0.025926
1 0.046615 0.819907 0.055729 0.028704
1 0.049219 0.863426 0.042188 0.023148
4 0.913542 0.862037 0.014583 0.025926
1 0.053646 0.913426 0.051042 0.023148
4 0.913542 0.912037 0.014583 0.025926
0 0.943750 0.951389 0.075000 0.052778
0 0.859375 0.951389 0.075000 0.052778