1 0.045573 0.035648 0.063021 0.032407
1 0.063021 0.103241 0.088542 0.023148
1 0.052344 0.147685 0.048438 0.019444
4 0.913542 0.148148 0.014583 0.025926
1 0.049740 0.197685 0.043229 0.019444
4 0.913542 0.198148 0.014583 0.025926
1 0.048438 0.274537 0.059375 0.023148
1 0.056250 0.318519 0.056250 0.018519
4 0.897917 0.315741 0.020833 0.018519
1 0.044531 0.368519 0.032813 0.018519
4 0.913542 0.369444 0.014583 0.025926
1 0.047396 0.421296 0.038542 0.024074
4 0.897917 0.415741 0.020833 0.018519
1 0.039844 0.468981 0.023438 0.019444
4 0.897917 0.465741 0.020833 0.018519
1 0.052344 0.545833 0.067187 0.023148
1 0.038542 0.592593 0.020833 0.024074
4 0.913542 0.590741 0.014583 0.025926
1 0.044792 0.640278 0.033333 0.019444
4 0.913542 0.640741 0.014583 0.025926
1 0.056250 0.689815 0.056250 0.018519
3 0.925000 0.693981 0.112500 0.039815
1 0.043490 0.769907 0.049479 0.028704
1 0.054948 0.811111 0.053646 0.018519
4 0.913542 0.812037 0.014583 0.025926
1 0.053646 0.863426 0.051042 0.023148
4 0.913542 0.862037 0.014583 0.025926
0 0.943750 0.951389 0.075000 0.052778
0 0.859375 0.951389 0.075000 0.052778