1 0.045573 0.035648 0.063021 0.032407
1 0.045052 0.103241 0.052604 0.023148
1 0.045573 0.147222 0.034896 0.018519
3 0.925000 0.151389 0.112500 0.039815
1 0.054948 0.197222 0.053646 0.018519
4 0.913542 0.198148 0.014583 0.025926
1 0.052083 0.250000 0.047917 0.024074
3 0.925000 0.251389 0.112500 0.039815
1 0.046875 0.324074 0.056250 0.022222
1 0.040625 0.368519 0.025000 0.018519
4 0.913542 0.369444 0.014583 0.025926
1 0.053646 0.420833 0.051042 0.023148
3 0.925000 0.422685 0.112500 0.039815
1 0.044010 0.468519 0.031771 0.018519
4 0.913542 0.469444 0.014583 0.025926
1 0.043750 0.518519 0.031250 0.018519
3 0.925000 0.522685 0.112500 0.039815
1 0.044010 0.598611 0.050521 0.028704
1 0.039844 0.640278 0.023438 0.019444
4 0.897917 0.637037 0.020833 0.018519
1 0.043750 0.689815 0.031250 0.018519
4 0.897917 0.687037 0.020833 0.018519
1 0.047396 0.742593 0.038542 0.024074
3 0.925000 0.743981 0.112500 0.039815
1 0.044010 0.789815 0.031771 0.018519
3 0.925000 0.793981 0.112500 0.039815
1 0.049740 0.840278 0.043229 0.019444
4 0.897917 0.837037 0.020833 0.018519
0 0.943750 0.951389 0.075000 0.052778
0 0.859375 0.951389 0.075000 0.052778