1 0.045573 0.035648 0.063021 0.032407
1 0.044010 0.106019 0.050521 0.028704
1 0.058333 0.150000 0.060417 0.024074
4 0.913542 0.148148 0.014583 0.025926
1 0.053646 0.199537 0.051042 0.023148
4 0.913542 0.198148 0.014583 0.025926
1 0.064323 0.247685 0.072396 0.019444
4 0.897917 0.244444 0.020833 0.018519
1 0.047917 0.297685 0.039583 0.019444
4 0.913542 0.298148 0.014583 0.025926
1 0.046875 0.374074 0.056250 0.022222
1 0.045573 0.418519 0.034896 0.018519
3 0.925000 0.422685 0.112500 0.039815
1 0.054948 0.468519 0.053646 0.018519
4 0.913542 0.469444 0.014583 0.025926
1 0.048958 0.518981 0.041667 0.019444
4 0.913542 0.519444 0.014583 0.025926
1 0.053385 0.568981 0.050521 0.019444
4 0.913542 0.569444 0.014583 0.025926
1 0.039323 0.645833 0.041146 0.023148
1 0.044531 0.689815 0.032813 0.018519
4 0.897917 0.687037 0.020833 0.018519
1 0.056250 0.739815 0.056250 0.018519
4 0.913542 0.740741 0.014583 0.025926
1 0.052344 0.817130 0.067187 0.023148
1 0.053385 0.861574 0.050521 0.019444
4 0.913542 0.862037 0.014583 0.025926
1 0.042708 0.911574 0.029167 0.019444
3 0.925000 0.915278 0.112500 0.039815
1 0.064323 0.961574 0.072396 0.019444
3 0.925000 0.965278 0.112500 0.039815
1 0.047656 1.000000 0.039062 0.019444
4 0.913542 1.000000 0.014583 0.025926
1 0.054948 1.000000 0.053646 0.018519
4 0.913542 1.000000 0.014583 0.025926
0 0.943750 0.951389 0.075000 0.052778
0 0.859375 0.951389 0.075000 0.052778