1 0.045573 0.035648 0.063021 0.032407
1 0.043490 0.106019 0.049479 0.028704
1 0.047396 0.150000 0.038542 0.024074
3 0.925000 0.151389 0.112500 0.039815
1 0.044010 0.197222 0.031771 0.018519
4 0.913542 0.198148 0.014583 0.025926
1 0.048438 0.274537 0.059375 0.023148
1 0.044531 0.318519 0.032813 0.018519
4 0.897917 0.315741 0.020833 0.018519
1 0.038542 0.371296 0.020833 0.024074
4 0.897917 0.365741 0.020833 0.018519
1 0.056250 0.418981 0.056250 0.019444
4 0.897917 0.415741 0.020833 0.018519
1 0.044010 0.498611 0.050521 0.028704
1 0.054948 0.539815 0.053646 0.018519
4 0.897917 0.537037 0.020833 0.018519
1 0.064323 0.590278 0.072396 0.019444
4 0.913542 0.590741 0.014583 0.025926
1 0.052344 0.667130 0.067187 0.023148
1 0.052344 0.711574 0.048438 0.019444
3 0.925000 0.715278 0.112500 0.039815
1 0.060156 0.763426 0.064062 0.023148
4 0.897917 0.758333 0.020833 0.018519
1 0.040625 0.811111 0.025000 0.018519
4 0.897917 0.808333 0.020833 0.018519
0 0.943750 0.951389 0.075000 0.052778
0 0.859375 0.951389 0.075000 0.052778