1 0.045573 0.035648 0.063021 0.032407
1 0.039323 0.103241 0.041146 0.023148
1 0.040625 0.147222 0.025000 0.018519
4 0.897917 0.144444 0.020833 0.018519
1 0.064323 0.197685 0.072396 0.019444
4 0.913542 0.198148 0.014583 0.025926
1 0.047396 0.250000 0.038542 0.024074
4 0.913542 0.248148 0.014583 0.025926
1 0.063021 0.324537 0.088542 0.023148
1 0.044010 0.368519 0.031771 0.018519
4 0.913542 0.369444 0.014583 0.025926
1 0.049740 0.418981 0.043229 0.019444
3 0.925000 0.422685 0.112500 0.039815
1 0.040625 0.468519 0.025000 0.018519
3 0.925000 0.472685 0.112500 0.039815
1 0.047396 0.521296 0.038542 0.024074
4 0.913542 0.519444 0.014583 0.025926
0 0.943750 0.951389 0.075000 0.052778
0 0.859375 0.951389 0.075000 0.052778