1 0.045573 0.035648 0.063021 0.032407
1 0.048438 0.103241 0.059375 0.023148
1 0.042708 0.147685 0.029167 0.019444
4 0.897917 0.144444 0.020833 0.018519
1 0.047656 0.197685 0.039062 0.019444
4 0.913542 0.198148 0.014583 0.025926
1 0.053646 0.249537 0.051042 0.023148
4 0.897917 0.244444 0.020833 0.018519
1 0.039844 0.297685 0.023438 0.019444
3 0.925000 0.301389 0.112500 0.039815
1 0.046615 0.377315 0.055729 0.028704
1 0.056250 0.418981 0.056250 0.019444
4 0.897917 0.415741 0.020833 0.018519
1 0.052344 0.468981 0.048438 0.019444
4 0.913542 0.469444 0.014583 0.025926
1 0.053646 0.520833 0.051042 0.023148
3 0.925000 0.522685 0.112500 0.039815
1 0.043490 0.598611 0.049479 0.028704
1 0.058594 0.642593 0.060937 0.024074
4 0.897917 0.637037 0.020833 0.018519
1 0.043750 0.689815 0.031250 0.018519
3 0.925000 0.693981 0.112500 0.039815
1 0.064323 0.740278 0.072396 0.019444
4 0.913542 0.740741 0.014583 0.025926
1 0.053385 0.790278 0.050521 0.019444
4 0.897917 0.787037 0.020833 0.018519
1 0.053646 0.842130 0.051042 0.023148
3 0.925000 0.843981 0.112500 0.039815
0 0.943750 0.951389 0.075000 0.052778
0 0.859375 0.951389 0.075000 0.052778