1 0.045573 0.035648 0.063021 0.032407
1 0.052344 0.103241 0.067187 0.023148
1 0.058333 0.150000 0.060417 0.024074
3 0.925000 0.151389 0.112500 0.039815
1 0.043750 0.197222 0.031250 0.018519
3 0.925000 0.201389 0.112500 0.039815
1 0.058594 0.250000 0.060937 0.024074
3 0.925000 0.251389 0.112500 0.039815
1 0.039844 0.297685 0.023438 0.019444
4 0.897917 0.294444 0.020833 0.018519
1 0.043490 0.377315 0.049479 0.028704
1 0.040625 0.418519 0.025000 0.018519
4 0.897917 0.415741 0.020833 0.018519
1 0.044792 0.468981 0.033333 0.019444
4 0.897917 0.465741 0.020833 0.018519
0 0.943750 0.951389 0.075000 0.052778
0 0.859375 0.951389 0.075000 0.052778