1 0.045573 0.035648 0.063021 0.032407
1 0.052344 0.103241 0.067187 0.023148
1 0.053646 0.149537 0.051042 0.023148
4 0.913542 0.148148 0.014583 0.025926
1 0.054948 0.197222 0.053646 0.018519
3 0.925000 0.201389 0.112500 0.039815
1 0.041667 0.247222 0.027083 0.018519
4 0.913542 0.248148 0.014583 0.025926
1 0.063021 0.324537 0.088542 0.023148
1 0.044792 0.368981 0.033333 0.019444
4 0.897917 0.365741 0.020833 0.018519
1 0.049740 0.418981 0.043229 0.019444
4 0.913542 0.419444 0.014583 0.025926
1 0.039844 0.468981 0.023438 0.019444
4 0.897917 0.465741 0.020833 0.018519
1 0.064323 0.518981 0.072396 0.019444
4 0.913542 0.519444 0.014583 0.025926
1 0.053646 0.570833 0.051042 0.023148
3 0.925000 0.572685 0.112500 0.039815
1 0.046615 0.648611 0.055729 0.028704
1 0.056250 0.690278 0.056250 0.019444
4 0.897917 0.687037 0.020833 0.018519
1 0.039844 0.740278 0.023438 0.019444
4 0.897917 0.737037 0.020833 0.018519
0 0.943750 0.951389 0.075000 0.052778
0 0.859375 0.951389 0.075000 0.052778