1 0.045573 0.035648 0.063021 0.032407
1 0.046875 0.102778 0.056250 0.022222
1 0.049219 0.149537 0.042188 0.023148
4 0.897917 0.144444 0.020833 0.018519
1 0.041146 0.197685 0.026042 0.019444
4 0.913542 0.198148 0.014583 0.025926
1 0.058594 0.250000 0.060937 0.024074
4 0.897917 0.244444 0.020833 0.018519
1 0.044531 0.297222 0.032813 0.018519
4 0.897917 0.294444 0.020833 0.018519
1 0.056250 0.347222 0.056250 0.018519
4 0.913542 0.348148 0.014583 0.025926
1 0.063021 0.424537 0.088542 0.023148
1 0.047396 0.471296 0.038542 0.024074
4 0.897917 0.465741 0.020833 0.018519
1 0.044792 0.518981 0.033333 0.019444
3 0.925000 0.522685 0.112500 0.039815
0 0.943750 0.951389 0.075000 0.052778
0 0.859375 0.951389 0.075000 0.052778