1 0.045573 0.035648 0.063021 0.032407
1 0.045052 0.103241 0.052604 0.023148
1 0.056250 0.147685 0.056250 0.019444
3 0.925000 0.151389 0.112500 0.039815
1 0.041146 0.197685 0.026042 0.019444
4 0.913542 0.198148 0.014583 0.025926
1 0.039844 0.247685 0.023438 0.019444
3 0.925000 0.251389 0.112500 0.039815
1 0.046875 0.324074 0.056250 0.022222
1 0.052083 0.371296 0.047917 0.024074
4 0.913542 0.369444 0.014583 0.025926
1 0.053385 0.418981 0.050521 0.019444
4 0.897917 0.415741 0.020833 0.018519
1 0.042708 0.468981 0.029167 0.019444
4 0.913542 0.469444 0.014583 0.025926
1 0.041667 0.518519 0.027083 0.018519
4 0.897917 0.515741 0.020833 0.018519
1 0.041146 0.568981 0.026042 0.019444
3 0.925000 0.572685 0.112500 0.039815
1 0.046615 0.648611 0.055729 0.028704
1 0.056771 0.690278 0.057292 0.019444
4 0.897917 0.687037 0.020833 0.018519
1 0.058333 0.742593 0.060417 0.024074
3 0.925000 0.743981 0.112500 0.039815
1 0.044010 0.789815 0.031771 0.018519
3 0.925000 0.793981 0.112500 0.039815
1 0.043490 0.869907 0.049479 0.028704
1 0.056250 0.911111 0.056250 0.018519
4 0.897917 0.908333 0.020833 0.018519
1 0.052083 0.963889 0.047917 0.024074
4 0.913542 0.962037 0.014583 0.025926
1 0.056771 1.000000 0.057292 0.019444
3 0.925000 1.000000 0.112500 0.039815
0 0.943750 0.951389 0.075000 0.052778
0 0.859375 0.951389 0.075000 0.052778