1 0.045573 0.035648 0.063021 0.032407
1 0.046875 0.102778 0.056250 0.022222
1 0.049219 0.149537 0.042188 0.023148
3 0.925000 0.151389 0.112500 0.039815
1 0.044531 0.197222 0.032813 0.018519
4 0.897917 0.194444 0.020833 0.018519
1 0.064323 0.247685 0.072396 0.019444
4 0.897917 0.244444 0.020833 0.018519
1 0.045052 0.324537 0.052604 0.023148
1 0.047917 0.368981 0.039583 0.019444
3 0.925000 0.372685 0.112500 0.039815
1 0.054948 0.418519 0.053646 0.018519
3 0.925000 0.422685 0.112500 0.039815
1 0.048958 0.468981 0.041667 0.019444
3 0.925000 0.472685 0.112500 0.039815
1 0.049740 0.518981 0.043229 0.019444
4 0.897917 0.515741 0.020833 0.018519
1 0.063021 0.595833 0.088542 0.023148
1 0.047396 0.642593 0.038542 0.024074
4 0.897917 0.637037 0.020833 0.018519
1 0.041146 0.690278 0.026042 0.019444
4 0.913542 0.690741 0.014583 0.025926
1 0.058333 0.742593 0.060417 0.024074
4 0.913542 0.740741 0.014583 0.025926
1 0.052083 0.792593 0.047917 0.024074
4 0.913542 0.790741 0.014583 0.025926
1 0.053385 0.840278 0.050521 0.019444
4 0.913542 0.840741 0.014583 0.025926
0 0.943750 0.951389 0.075000 0.052778
0 0.859375 0.951389 0.075000 0.052778