10 0.500000 0.029630 1.000000 0.059259
2 0.018490 0.029167 0.022396 0.039815
2 0.048177 0.029167 0.022396 0.039815
2 0.085156 0.029167 0.022396 0.039815
2 0.114844 0.029167 0.022396 0.039815
2 0.151823 0.029167 0.022396 0.039815
0 0.966667 0.029630 0.047917 0.042593
0 0.905208 0.029630 0.064583 0.042593
0 0.843750 0.029630 0.047917 0.042593
0 0.786458 0.029630 0.056250 0.042593
1 0.077083 0.104167 0.116667 0.023148
1 0.152083 0.162500 0.266667 0.023148
1 0.080729 0.193519 0.123958 0.018519
1 0.132552 0.229167 0.227604 0.023148
1 0.106771 0.262500 0.176042 0.023148
1 0.122917 0.295833 0.208333 0.023148
1 0.122656 0.329167 0.207813 0.023148
1 0.157031 0.362500 0.276562 0.023148
1 0.104688 0.395833 0.171875 0.023148
1 0.101823 0.429167 0.166146 0.023148
1 0.113802 0.462500 0.190104 0.023148
1 0.095052 0.495833 0.152604 0.023148