10 0.500000 0.037963 1.000000 0.075926
2 0.023177 0.037500 0.031771 0.056481
2 0.069531 0.037500 0.031771 0.056481
2 0.108594 0.037500 0.031771 0.056481
2 0.154948 0.037500 0.031771 0.056481
2 0.201302 0.037500 0.031771 0.056481
2 0.240365 0.037500 0.031771 0.056481
0 0.954167 0.037963 0.072917 0.059259
0 0.888542 0.037963 0.047917 0.059259
0 0.827083 0.037963 0.064583 0.059259
0 0.765625 0.037963 0.047917 0.059259
1 0.077083 0.120833 0.116667 0.023148
1 0.159375 0.179167 0.281250 0.023148
1 0.127344 0.212500 0.217188 0.023148
1 0.110417 0.245833 0.183333 0.023148
1 0.112500 0.279167 0.187500 0.023148
1 0.159635 0.312500 0.281771 0.023148
1 0.096615 0.345833 0.155729 0.023148
1 0.140104 0.379167 0.242708 0.023148
1 0.112500 0.412500 0.187500 0.023148
1 0.119531 0.445833 0.201563 0.023148
1 0.112760 0.479167 0.188021 0.023148
1 0.085677 0.510185 0.133854 0.018519
1 0.133073 0.545833 0.228646 0.023148