10 0.500000 0.039352 1.000000 0.078704
2 0.023958 0.038889 0.033333 0.059259
2 0.064583 0.038889 0.033333 0.059259
2 0.105208 0.038889 0.033333 0.059259
2 0.145833 0.038889 0.033333 0.059259
2 0.186458 0.038889 0.033333 0.059259
2 0.234375 0.038889 0.033333 0.059259
2 0.282292 0.038889 0.033333 0.059259
2 0.330208 0.038889 0.033333 0.059259
3 0.453906 0.038889 0.180729 0.059259
0 0.958333 0.039352 0.064583 0.062037
0 0.896875 0.039352 0.047917 0.062037
0 0.839583 0.039352 0.056250 0.062037
0 0.769792 0.039352 0.072917 0.062037
1 0.077083 0.123611 0.116667 0.023148
1 0.112760 0.181944 0.188021 0.023148
1 0.154948 0.215278 0.272396 0.023148
1 0.170313 0.248611 0.303125 0.023148
1 0.079948 0.279630 0.122396 0.018519
1 0.142708 0.315278 0.247917 0.023148
1 0.122396 0.348611 0.207292 0.023148
1 0.142448 0.381944 0.247396 0.023148
1 0.076302 0.415278 0.115104 0.023148
1 0.129167 0.448611 0.220833 0.023148