10 0.500000 0.031019 1.000000 0.062037
2 0.019271 0.030556 0.023958 0.042593
2 0.050521 0.030556 0.023958 0.042593
2 0.081771 0.030556 0.023958 0.042593
2 0.113021 0.030556 0.023958 0.042593
2 0.144271 0.030556 0.023958 0.042593
2 0.182812 0.030556 0.023958 0.042593
2 0.214062 0.030556 0.023958 0.042593
2 0.245312 0.030556 0.023958 0.042593
0 0.975000 0.031019 0.031250 0.045370
0 0.917708 0.031019 0.072917 0.045370
1 0.077083 0.106944 0.116667 0.023148
1 0.097135 0.165278 0.156771 0.023148
1 0.135156 0.198611 0.232813 0.023148
1 0.092188 0.231944 0.146875 0.023148
1 0.135677 0.265278 0.233854 0.023148
1 0.083854 0.298611 0.130208 0.023148
1 0.106771 0.331944 0.176042 0.023148
1 0.130469 0.365278 0.223438 0.023148
1 0.079167 0.398611 0.120833 0.023148
1 0.120313 0.431944 0.203125 0.023148