10 0.500000 0.031481 1.000000 0.062963
2 0.019531 0.031019 0.024479 0.043519
2 0.051302 0.031019 0.024479 0.043519
2 0.083073 0.031019 0.024479 0.043519
2 0.114844 0.031019 0.024479 0.043519
2 0.146615 0.031019 0.024479 0.043519
2 0.185677 0.031019 0.024479 0.043519
2 0.224740 0.031019 0.024479 0.043519
3 0.346875 0.031019 0.186458 0.043519
0 0.954167 0.031481 0.072917 0.046296
0 0.888542 0.031481 0.047917 0.046296
0 0.827083 0.031481 0.064583 0.046296
0 0.765625 0.031481 0.047917 0.046296
1 0.077083 0.107870 0.116667 0.023148
1 0.110937 0.166204 0.184375 0.023148
1 0.123177 0.199537 0.208854 0.023148
1 0.137760 0.232870 0.238021 0.023148
1 0.087760 0.266204 0.138021 0.023148
1 0.088542 0.299537 0.139583 0.023148
1 0.094792 0.332870 0.152083 0.023148
1 0.136198 0.366204 0.234896 0.023148