10 0.500000 0.033333 1.000000 0.066667
2 0.020573 0.032870 0.026562 0.047222
2 0.061719 0.032870 0.026562 0.047222
2 0.102865 0.032870 0.026562 0.047222
2 0.136719 0.032870 0.026562 0.047222
2 0.170573 0.032870 0.026562 0.047222
2 0.204427 0.032870 0.026562 0.047222
2 0.238281 0.032870 0.026562 0.047222
3 0.352083 0.032870 0.167708 0.047222
0 0.966667 0.033333 0.047917 0.050000
0 0.901042 0.033333 0.072917 0.050000
1 0.077083 0.111574 0.116667 0.023148
1 0.082031 0.169907 0.126562 0.023148
1 0.080990 0.203241 0.124479 0.023148
1 0.102083 0.236574 0.166667 0.023148
1 0.094792 0.269907 0.152083 0.023148
1 0.077865 0.303241 0.118229 0.023148
1 0.139583 0.336574 0.241667 0.023148
1 0.122396 0.369907 0.207292 0.023148
1 0.063021 0.400926 0.088542 0.018519
1 0.111198 0.434259 0.184896 0.018519