10 0.500000 0.035648 1.000000 0.071296
2 0.021875 0.035185 0.029167 0.051852
2 0.058333 0.035185 0.029167 0.051852
2 0.094792 0.035185 0.029167 0.051852
2 0.138542 0.035185 0.029167 0.051852
2 0.182292 0.035185 0.029167 0.051852
2 0.218750 0.035185 0.029167 0.051852
0 0.941667 0.035648 0.097917 0.054630
0 0.863542 0.035648 0.047917 0.054630
0 0.806250 0.035648 0.056250 0.054630
0 0.732292 0.035648 0.081250 0.054630
1 0.077083 0.116204 0.116667 0.023148
1 0.061979 0.174537 0.086458 0.023148
1 0.074740 0.207870 0.111979 0.023148
1 0.093490 0.241204 0.149479 0.023148
1 0.073698 0.274537 0.109896 0.023148
1 0.082552 0.307870 0.127604 0.023148
1 0.148177 0.341204 0.258854 0.023148
1 0.143490 0.374537 0.249479 0.023148
1 0.103646 0.407870 0.169792 0.023148
1 0.129688 0.441204 0.221875 0.023148
1 0.080469 0.474537 0.123438 0.023148
1 0.089844 0.507870 0.142187 0.023148
1 0.118229 0.541204 0.198958 0.023148