10 0.500000 0.039352 1.000000 0.078704
2 0.023958 0.038889 0.033333 0.059259
2 0.064583 0.038889 0.033333 0.059259
2 0.105208 0.038889 0.033333 0.059259
2 0.145833 0.038889 0.033333 0.059259
2 0.186458 0.038889 0.033333 0.059259
2 0.227083 0.038889 0.033333 0.059259
0 0.954167 0.039352 0.072917 0.062037
0 0.876042 0.039352 0.072917 0.062037
0 0.814583 0.039352 0.039583 0.062037
0 0.757292 0.039352 0.064583 0.062037
1 0.077083 0.123611 0.116667 0.023148
1 0.129948 0.181944 0.222396 0.023148
1 0.125260 0.215278 0.213021 0.023148
1 0.091927 0.248611 0.146354 0.023148
1 0.135937 0.281944 0.234375 0.023148
1 0.116406 0.315278 0.195312 0.023148
1 0.085677 0.348611 0.133854 0.023148
1 0.123698 0.381944 0.209896 0.023148
1 0.077344 0.415278 0.117188 0.023148