10 0.500000 0.033796 1.000000 0.067593
2 0.020833 0.033333 0.027083 0.048148
2 0.055208 0.033333 0.027083 0.048148
2 0.089583 0.033333 0.027083 0.048148
2 0.131250 0.033333 0.027083 0.048148
2 0.172917 0.033333 0.027083 0.048148
2 0.214583 0.033333 0.027083 0.048148
0 0.950000 0.033796 0.081250 0.050926
0 0.867708 0.033796 0.072917 0.050926
1 0.077083 0.112500 0.116667 0.023148
1 0.103646 0.170833 0.169792 0.023148
1 0.146094 0.204167 0.254688 0.023148
1 0.090365 0.237500 0.143229 0.023148
1 0.142187 0.270833 0.246875 0.023148
1 0.108854 0.304167 0.180208 0.023148
1 0.132552 0.337500 0.227604 0.023148
1 0.100521 0.370833 0.163542 0.023148