10 0.500000 0.034259 1.000000 0.068519
2 0.021094 0.033796 0.027604 0.049074
2 0.055990 0.033796 0.027604 0.049074
2 0.098177 0.033796 0.027604 0.049074
2 0.133073 0.033796 0.027604 0.049074
2 0.167969 0.033796 0.027604 0.049074
2 0.202865 0.033796 0.027604 0.049074
2 0.245052 0.033796 0.027604 0.049074
2 0.279948 0.033796 0.027604 0.049074
0 0.966667 0.034259 0.047917 0.051852
0 0.901042 0.034259 0.072917 0.051852
0 0.831250 0.034259 0.056250 0.051852
1 0.077083 0.113426 0.116667 0.023148
1 0.091927 0.171759 0.146354 0.023148
1 0.098698 0.205093 0.159896 0.023148
1 0.139583 0.238426 0.241667 0.023148
1 0.120052 0.271759 0.202604 0.023148
1 0.100000 0.305093 0.162500 0.023148
1 0.111979 0.338426 0.186458 0.023148
1 0.119531 0.371759 0.201563 0.023148
1 0.122656 0.405093 0.207813 0.023148
1 0.143229 0.438426 0.248958 0.023148
1 0.111979 0.471759 0.186458 0.023148