10 0.500000 0.032870 1.000000 0.065741
2 0.020313 0.032407 0.026042 0.046296
2 0.060937 0.032407 0.026042 0.046296
2 0.094271 0.032407 0.026042 0.046296
2 0.134896 0.032407 0.026042 0.046296
0 0.954167 0.032870 0.072917 0.049074
0 0.876042 0.032870 0.072917 0.049074
0 0.797917 0.032870 0.072917 0.049074
0 0.728125 0.032870 0.056250 0.049074
1 0.077083 0.110648 0.116667 0.023148
1 0.140885 0.168981 0.244271 0.023148
1 0.112760 0.202315 0.188021 0.023148
1 0.135937 0.235648 0.234375 0.023148
1 0.076823 0.266667 0.116146 0.018519
1 0.116667 0.302315 0.195833 0.023148
1 0.113281 0.335648 0.189062 0.023148
1 0.098958 0.368981 0.160417 0.023148
1 0.127344 0.402315 0.217188 0.023148
1 0.154167 0.435648 0.270833 0.023148
1 0.114844 0.468981 0.192188 0.023148
1 0.108594 0.500000 0.179688 0.018519