10 0.500000 0.033333 1.000000 0.066667
2 0.020573 0.032870 0.026562 0.047222
2 0.054427 0.032870 0.026562 0.047222
2 0.088281 0.032870 0.026562 0.047222
2 0.122135 0.032870 0.026562 0.047222
2 0.163281 0.032870 0.026562 0.047222
2 0.204427 0.032870 0.026562 0.047222
3 0.313802 0.032870 0.158854 0.047222
0 0.962500 0.033333 0.056250 0.050000
0 0.892708 0.033333 0.072917 0.050000
0 0.827083 0.033333 0.047917 0.050000
0 0.773958 0.033333 0.047917 0.050000
1 0.077083 0.111574 0.116667 0.023148
1 0.077865 0.169907 0.118229 0.023148
1 0.061198 0.200926 0.084896 0.018519
1 0.103125 0.236574 0.168750 0.023148
1 0.132031 0.269907 0.226562 0.023148
1 0.073177 0.303241 0.108854 0.023148
1 0.105990 0.336574 0.174479 0.023148
1 0.117708 0.369907 0.197917 0.023148
1 0.144531 0.403241 0.251563 0.023148
1 0.111198 0.436574 0.184896 0.023148