10 0.500000 0.030093 1.000000 0.060185
2 0.018750 0.029630 0.022917 0.040741
2 0.048958 0.029630 0.022917 0.040741
2 0.079167 0.029630 0.022917 0.040741
2 0.109375 0.029630 0.022917 0.040741
2 0.139583 0.029630 0.022917 0.040741
2 0.177083 0.029630 0.022917 0.040741
0 0.950000 0.030093 0.081250 0.043519
0 0.880208 0.030093 0.047917 0.043519
1 0.077083 0.105093 0.116667 0.023148
1 0.124479 0.163426 0.211458 0.023148
1 0.098698 0.196759 0.159896 0.023148
1 0.134115 0.230093 0.230729 0.023148
1 0.120313 0.263426 0.203125 0.023148
1 0.108854 0.296759 0.180208 0.023148
1 0.084635 0.330093 0.131771 0.023148
1 0.119271 0.363426 0.201042 0.023148
1 0.102865 0.396759 0.168229 0.023148
1 0.119531 0.430093 0.201563 0.023148
1 0.094792 0.463426 0.152083 0.023148