10 0.500000 0.037037 1.000000 0.074074
2 0.022656 0.036574 0.030729 0.054630
2 0.060677 0.036574 0.030729 0.054630
2 0.098698 0.036574 0.030729 0.054630
2 0.136719 0.036574 0.030729 0.054630
0 0.966667 0.037037 0.047917 0.057407
0 0.909375 0.037037 0.056250 0.057407
0 0.839583 0.037037 0.072917 0.057407
1 0.077083 0.118981 0.116667 0.023148
1 0.162240 0.177315 0.286979 0.023148
1 0.151042 0.210648 0.264583 0.023148
1 0.108333 0.243981 0.179167 0.023148
1 0.111979 0.277315 0.186458 0.023148
1 0.101302 0.310648 0.165104 0.023148