10 0.500000 0.035185 1.000000 0.070370
2 0.021615 0.034722 0.028646 0.050926
2 0.057552 0.034722 0.028646 0.050926
2 0.093490 0.034722 0.028646 0.050926
2 0.136719 0.034722 0.028646 0.050926
2 0.172656 0.034722 0.028646 0.050926
2 0.208594 0.034722 0.028646 0.050926
2 0.244531 0.034722 0.028646 0.050926
2 0.280469 0.034722 0.028646 0.050926
0 0.950000 0.035185 0.081250 0.053704
0 0.876042 0.035185 0.056250 0.053704
0 0.814583 0.035185 0.056250 0.053704
0 0.748958 0.035185 0.064583 0.053704
1 0.077083 0.115278 0.116667 0.023148
1 0.100781 0.173611 0.164062 0.023148
1 0.089583 0.206944 0.141667 0.023148
1 0.147135 0.240278 0.256771 0.023148
1 0.078646 0.271296 0.119792 0.018519
1 0.090885 0.306944 0.144271 0.023148