10 0.500000 0.038426 1.000000 0.076852
2 0.023438 0.037963 0.032292 0.057407
2 0.070312 0.037963 0.032292 0.057407
2 0.109896 0.037963 0.032292 0.057407
2 0.149479 0.037963 0.032292 0.057407
3 0.253125 0.037963 0.141667 0.057407
0 0.945833 0.038426 0.089583 0.060185
0 0.876042 0.038426 0.039583 0.060185
0 0.827083 0.038426 0.047917 0.060185
0 0.773958 0.038426 0.047917 0.060185
1 0.077083 0.121759 0.116667 0.023148
1 0.070052 0.180093 0.102604 0.023148
1 0.057552 0.211111 0.077604 0.018519
1 0.089844 0.246759 0.142187 0.023148
1 0.141927 0.280093 0.246354 0.023148
1 0.133854 0.313426 0.230208 0.023148
1 0.108854 0.346759 0.180208 0.023148
1 0.114583 0.380093 0.191667 0.023148
1 0.107813 0.413426 0.178125 0.023148
1 0.116406 0.444444 0.195312 0.018519
1 0.128646 0.480093 0.219792 0.023148
1 0.085677 0.513426 0.133854 0.023148
1 0.115625 0.546759 0.193750 0.023148