10 0.500000 0.032870 1.000000 0.065741
2 0.020313 0.032407 0.026042 0.046296
2 0.053646 0.032407 0.026042 0.046296
2 0.086979 0.032407 0.026042 0.046296
2 0.120313 0.032407 0.026042 0.046296
2 0.153646 0.032407 0.026042 0.046296
2 0.186979 0.032407 0.026042 0.046296
2 0.227604 0.032407 0.026042 0.046296
2 0.260937 0.032407 0.026042 0.046296
3 0.375521 0.032407 0.169792 0.046296
0 0.962500 0.032870 0.056250 0.049074
0 0.896875 0.032870 0.064583 0.049074
0 0.810417 0.032870 0.097917 0.049074
0 0.736458 0.032870 0.039583 0.049074
1 0.077083 0.110648 0.116667 0.023148
1 0.098698 0.168981 0.159896 0.023148
1 0.159375 0.202315 0.281250 0.023148
1 0.143750 0.235648 0.250000 0.023148
1 0.086458 0.266667 0.135417 0.018519
1 0.065885 0.300000 0.094271 0.018519
1 0.144010 0.335648 0.250521 0.023148
1 0.149219 0.368981 0.260937 0.023148
1 0.149219 0.402315 0.260937 0.023148
1 0.150781 0.435648 0.264062 0.023148
1 0.129948 0.468981 0.222396 0.023148