10 0.500000 0.035185 1.000000 0.070370
2 0.021615 0.034722 0.028646 0.050926
2 0.064844 0.034722 0.028646 0.050926
2 0.100781 0.034722 0.028646 0.050926
2 0.136719 0.034722 0.028646 0.050926
2 0.172656 0.034722 0.028646 0.050926
2 0.208594 0.034722 0.028646 0.050926
2 0.244531 0.034722 0.028646 0.050926
2 0.287760 0.034722 0.028646 0.050926
0 0.958333 0.035185 0.064583 0.053704
0 0.896875 0.035185 0.047917 0.053704
0 0.831250 0.035185 0.072917 0.053704
0 0.757292 0.035185 0.064583 0.053704
1 0.077083 0.115278 0.116667 0.023148
1 0.102865 0.173611 0.168229 0.023148
1 0.153385 0.206944 0.269271 0.023148
1 0.151823 0.240278 0.266146 0.023148
1 0.147396 0.273611 0.257292 0.023148
1 0.147396 0.306944 0.257292 0.023148
1 0.135156 0.340278 0.232813 0.023148
1 0.151042 0.373611 0.264583 0.023148