10 0.500000 0.035185 1.000000 0.070370
2 0.021615 0.034722 0.028646 0.050926
2 0.057552 0.034722 0.028646 0.050926
2 0.093490 0.034722 0.028646 0.050926
2 0.136719 0.034722 0.028646 0.050926
2 0.179948 0.034722 0.028646 0.050926
2 0.215885 0.034722 0.028646 0.050926
0 0.950000 0.035185 0.081250 0.053704
0 0.871875 0.035185 0.064583 0.053704
1 0.077083 0.115278 0.116667 0.023148
1 0.121615 0.173611 0.205729 0.023148
1 0.106250 0.206944 0.175000 0.023148
1 0.110937 0.240278 0.184375 0.023148
1 0.092448 0.271296 0.147396 0.018519
1 0.101823 0.306944 0.166146 0.023148
1 0.123438 0.340278 0.209375 0.023148
1 0.092448 0.373611 0.147396 0.023148
1 0.092969 0.406944 0.148438 0.023148
1 0.144792 0.440278 0.252083 0.023148
1 0.083854 0.473611 0.130208 0.023148
1 0.119271 0.506944 0.201042 0.023148