10 0.500000 0.037500 1.000000 0.075000
2 0.022917 0.037037 0.031250 0.055556
2 0.061458 0.037037 0.031250 0.055556
2 0.100000 0.037037 0.031250 0.055556
2 0.138542 0.037037 0.031250 0.055556
0 0.954167 0.037500 0.072917 0.058333
0 0.880208 0.037500 0.064583 0.058333
0 0.818750 0.037500 0.047917 0.058333
0 0.740625 0.037500 0.097917 0.058333
1 0.077083 0.119907 0.116667 0.023148
1 0.087240 0.178241 0.136979 0.023148
1 0.101562 0.211574 0.165625 0.023148
1 0.118490 0.244907 0.199479 0.023148
1 0.105469 0.278241 0.173437 0.023148
1 0.117188 0.311574 0.196875 0.023148
1 0.101562 0.344907 0.165625 0.023148