10 0.500000 0.039352 1.000000 0.078704
2 0.023958 0.038889 0.033333 0.059259
2 0.064583 0.038889 0.033333 0.059259
2 0.105208 0.038889 0.033333 0.059259
2 0.153125 0.038889 0.033333 0.059259
2 0.193750 0.038889 0.033333 0.059259
2 0.234375 0.038889 0.033333 0.059259
2 0.282292 0.038889 0.033333 0.059259
2 0.322917 0.038889 0.033333 0.059259
0 0.958333 0.039352 0.064583 0.062037
0 0.888542 0.039352 0.064583 0.062037
1 0.077083 0.123611 0.116667 0.023148
1 0.080729 0.181944 0.123958 0.023148
1 0.072917 0.212963 0.108333 0.018519
1 0.091406 0.248611 0.145313 0.023148
1 0.097917 0.281944 0.158333 0.023148
1 0.102344 0.312963 0.167187 0.018519
1 0.075781 0.348611 0.114062 0.023148
1 0.142448 0.381944 0.247396 0.023148
1 0.111719 0.415278 0.185938 0.023148
1 0.141406 0.448611 0.245312 0.023148
1 0.068229 0.481944 0.098958 0.023148